time_step time kinetic_energy potential_energy
0    0.000000000000e+00    9.419680081290e-03    8.028371897126e-03
10    5.000000000000e-01    9.302234141276e-03    7.933843296087e-03
20    1.000000000000e+00    9.366585909872e-03    7.856458651986e-03
30    1.500000000000e+00    9.411232413176e-03    7.828310660443e-03
40    2.000000000000e+00    9.358163296214e-03    7.820446035112e-03
50    2.500000000000e+00    9.342731360252e-03    7.911299187981e-03
60    3.000000000000e+00    9.271995410836e-03    7.904077399871e-03
70    3.500000000000e+00    9.295933216458e-03    7.897582589976e-03
80    4.000000000000e+00    9.343264980538e-03    7.856698184696e-03
90    4.500000000000e+00    9.348942056972e-03    7.806006244209e-03
100    5.000000000000e+00    9.368305108748e-03    7.859667943194e-03
110    5.500000000000e+00    9.284280649138e-03    7.866044645198e-03
120    6.000000000000e+00    9.270894030485e-03    7.914554219496e-03
130    6.500000000000e+00    9.274973011019e-03    7.897824631982e-03
140    7.000000000000e+00    9.297089868831e-03    7.843875660001e-03
150    7.500000000000e+00    9.358352995298e-03    7.845843304494e-03
160    8.000000000000e+00    9.320820507061e-03    7.808549575202e-03
170    8.500000000000e+00    9.322412091074e-03    7.858606389163e-03
180    9.000000000000e+00    9.282744833821e-03    7.863690639169e-03
190    9.500000000000e+00    9.272115419109e-03    7.856438453018e-03
200    1.000000000000e+01    9.313588317573e-03    7.865424806369e-03
210    1.050000000000e+01    9.296669894894e-03    7.813581367373e-03
220    1.100000000000e+01    9.334133811269e-03    7.844998236578e-03
230    1.150000000000e+01    9.294675946881e-03    7.826908446077e-03
240    1.200000000000e+01    9.277740596827e-03    7.840420318644e-03
250    1.250000000000e+01    9.285977140850e-03    7.866994538745e-03
260    1.300000000000e+01    9.259146483624e-03    7.834381086468e-03
270    1.350000000000e+01    9.309677744962e-03    7.863077895308e-03
280    1.400000000000e+01    9.284417993847e-03    7.815146340363e-03
290    1.450000000000e+01    9.293235966982e-03    7.818403509191e-03
300    1.500000000000e+01    9.295547301194e-03    7.832749967747e-03
310    1.550000000000e+01    9.262561132448e-03    7.817119589163e-03
320    1.600000000000e+01    9.296101286611e-03    7.861442162721e-03
330    1.650000000000e+01    9.259914985668e-03    7.820347764209e-03
340    1.700000000000e+01    9.280831921335e-03    7.827965301658e-03
350    1.750000000000e+01    9.285416523240e-03    7.820087147593e-03
360    1.800000000000e+01    9.267910847690e-03    7.800818693795e-03
370    1.850000000000e+01    9.296749449712e-03    7.841605950489e-03
380    1.900000000000e+01    9.251496600651e-03    7.811003612915e-03
390    1.950000000000e+01    9.269987122837e-03    7.837821442990e-03
400    2.000000000000e+01    9.260250308638e-03    7.823105300304e-03
410    2.050000000000e+01    9.254961001495e-03    7.805028608345e-03
420    2.100000000000e+01    9.287983197155e-03    7.829254388525e-03
430    2.150000000000e+01    9.252198895589e-03    7.794161642778e-03
440    2.200000000000e+01    9.277929737439e-03    7.831013279429e-03
450    2.250000000000e+01    9.249023720938e-03    7.813228882696e-03
460    2.300000000000e+01    9.242737789110e-03    7.810619151314e-03
470    2.350000000000e+01    9.266481826027e-03    7.829091783606e-03
480    2.400000000000e+01    9.239964785781e-03    7.792332363351e-03
490    2.450000000000e+01    9.281994631949e-03    7.830121945517e-03
500    2.500000000000e+01    9.245394010279e-03    7.796773078553e-03
510    2.550000000000e+01    9.243532389725e-03    7.804577262505e-03
520    2.600000000000e+01    9.251475036828e-03    7.821538387361e-03
530    2.650000000000e+01    9.224482457063e-03    7.795425638506e-03
540    2.700000000000e+01    9.267834739685e-03    7.832962075554e-03
550    2.750000000000e+01    9.234068109585e-03    7.789127579599e-03
560    2.800000000000e+01    9.247191688884e-03    7.797353407113e-03
570    2.850000000000e+01    9.248765684983e-03    7.801434096109e-03
580    2.900000000000e+01    9.224304721781e-03    7.784191088831e-03
590    2.950000000000e+01    9.258230172755e-03    7.825044149286e-03
600    3.000000000000e+01    9.219679039408e-03    7.785830389366e-03
610    3.050000000000e+01    9.240509545443e-03    7.802228456057e-03
620    3.100000000000e+01    9.235587898384e-03    7.792408528076e-03
630    3.150000000000e+01    9.220628285623e-03    7.777839854498e-03
640    3.200000000000e+01    9.248563118979e-03    7.813800360054e-03
650    3.250000000000e+01    9.207222897326e-03    7.781757802150e-03
660    3.300000000000e+01    9.230784895844e-03    7.812177088454e-03
670    3.350000000000e+01    9.213714502409e-03    7.793488887728e-03
680    3.400000000000e+01    9.209662577366e-03    7.781695668200e-03
690    3.450000000000e+01    9.238793256997e-03    7.802625189470e-03
700    3.500000000000e+01    9.207932738756e-03    7.766697250190e-03
710    3.550000000000e+01    9.242553470029e-03    7.803221745235e-03
720    3.600000000000e+01    9.211652593479e-03    7.776347840263e-03
730    3.650000000000e+01    9.209330524558e-03    7.777498077303e-03
740    3.700000000000e+01    9.226437669197e-03    7.795095584697e-03
750    3.750000000000e+01    9.199272555208e-03    7.764236261210e-03
760    3.800000000000e+01    9.240203244847e-03    7.803633558069e-03
770    3.850000000000e+01    9.203006134003e-03    7.767889676870e-03
780    3.900000000000e+01    9.206866794370e-03    7.777582527524e-03
790    3.950000000000e+01    9.212157062703e-03    7.789618765855e-03
800    4.000000000000e+01    9.187201677863e-03    7.767114658236e-03
810    4.050000000000e+01    9.227049305821e-03    7.805432768691e-03
820    4.100000000000e+01    9.191567426353e-03    7.764226300424e-03
830    4.150000000000e+01    9.207674525633e-03    7.776835976074e-03
840    4.200000000000e+01    9.206157971814e-03    7.776234559969e-03
850    4.250000000000e+01    9.185962042356e-03    7.760180183141e-03
860    4.300000000000e+01    9.218909775927e-03    7.797830205163e-03
870    4.350000000000e+01    9.181836080188e-03    7.759892409922e-03
880    4.400000000000e+01    9.206455906493e-03    7.780184088915e-03
890    4.450000000000e+01    9.198781406084e-03    7.765557684252e-03
900    4.500000000000e+01    9.188983113471e-03    7.750921412480e-03
910    4.550000000000e+01    9.218021248639e-03    7.780639633893e-03
920    4.600000000000e+01    9.181200143516e-03    7.746949178909e-03
930    4.650000000000e+01    9.209249703758e-03    7.780518324580e-03
940    4.700000000000e+01    9.185865245257e-03    7.760299855363e-03
950    4.750000000000e+01    9.179627957104e-03    7.755810461276e-03
960    4.800000000000e+01    9.201090824241e-03    7.778948848681e-03
970    4.850000000000e+01    9.168147311183e-03    7.747838511932e-03
980    4.900000000000e+01    9.205191436465e-03    7.789411515660e-03
990    4.950000000000e+01    9.170642678921e-03    7.757249558381e-03
1000    5.000000000000e+01    9.172541178736e-03    7.759160804198e-03
1010    5.050000000000e+01    9.188878203204e-03    7.771510857310e-03
1020    5.100000000000e+01    9.165151237529e-03    7.740069931970e-03
1030    5.150000000000e+01    9.208668475107e-03    7.777507845276e-03
1040    5.200000000000e+01    9.173178288854e-03    7.737591776277e-03
1050    5.250000000000e+01    9.182245894012e-03    7.747133505291e-03
1060    5.300000000000e+01    9.185457334723e-03    7.754130095236e-03
1070    5.350000000000e+01    9.161097766263e-03    7.734231934592e-03
1080    5.400000000000e+01    9.196923822835e-03    7.775147339999e-03
1090    5.450000000000e+01    9.157084357325e-03    7.738033966234e-03
1100    5.500000000000e+01    9.173131089787e-03    7.756925791909e-03
1110    5.550000000000e+01    9.166857426892e-03    7.753207455607e-03
1120    5.600000000000e+01    9.149654889295e-03    7.738086292193e-03
1130    5.650000000000e+01    9.182490317280e-03    7.772596663926e-03
1140    5.700000000000e+01    9.146589324871e-03    7.734231043287e-03
1150    5.750000000000e+01    9.175045873158e-03    7.758061658933e-03
1160    5.800000000000e+01    9.162657664012e-03    7.739196938019e-03
1170    5.850000000000e+01    9.155527726975e-03    7.727252623226e-03
1180    5.900000000000e+01    9.182557142049e-03    7.754452215522e-03
1190    5.950000000000e+01    9.146674868375e-03    7.721799466708e-03
1200    6.000000000000e+01    9.178453557238e-03    7.759667821119e-03
1210    6.050000000000e+01    9.149569193716e-03    7.734633587461e-03
1220    6.100000000000e+01    9.146995857200e-03    7.733152495348e-03
1230    6.150000000000e+01    9.166690187605e-03    7.751975571409e-03
1240    6.200000000000e+01    9.137709868500e-03    7.720736697593e-03
1250    6.250000000000e+01    9.177458200916e-03    7.760823499666e-03
1260    6.300000000000e+01    9.141880308128e-03    7.725782781563e-03
1270    6.350000000000e+01    9.146701727458e-03    7.732279219454e-03
1280    6.400000000000e+01    9.156519833175e-03    7.742983091703e-03
1290    6.450000000000e+01    9.132288447301e-03    7.717453911027e-03
1300    6.500000000000e+01    9.172010827664e-03    7.756795109344e-03
1310    6.550000000000e+01    9.134526288439e-03    7.718237057816e-03
1320    6.600000000000e+01    9.147555821438e-03    7.732381372989e-03
1330    6.650000000000e+01    9.146773306344e-03    7.733329807706e-03
1340    6.700000000000e+01    9.127418840605e-03    7.714602845226e-03
1350    6.750000000000e+01    9.162797443046e-03    7.750597173981e-03
1360    6.800000000000e+01    9.125613522023e-03    7.712132015513e-03
1370    6.850000000000e+01    9.147400666454e-03    7.734439984233e-03
1380    6.900000000000e+01    9.135963258449e-03    7.724212317044e-03
1390    6.950000000000e+01    9.122155412971e-03    7.712752620137e-03
1400    7.000000000000e+01    9.150210946219e-03    7.744014530545e-03
1410    7.050000000000e+01    9.114047013445e-03    7.708705144069e-03
1420    7.100000000000e+01    9.144736307824e-03    7.739817662696e-03
1430    7.150000000000e+01    9.123518302774e-03    7.716478557995e-03
1440    7.200000000000e+01    9.119106551283e-03    7.709881890150e-03
1450    7.250000000000e+01    9.141582669685e-03    7.731740434792e-03
1460    7.300000000000e+01    9.109643752310e-03    7.699564998802e-03
1470    7.350000000000e+01    9.148615482152e-03    7.740414645923e-03
1480    7.400000000000e+01    9.113807060104e-03    7.706375239650e-03
1490    7.450000000000e+01    9.115809635978e-03    7.709085262832e-03
1500    7.500000000000e+01    9.128994827949e-03    7.722914932856e-03
1510    7.550000000000e+01    9.101608746642e-03    7.696033677348e-03
1520    7.600000000000e+01    9.141552158172e-03    7.738466416413e-03
1530    7.650000000000e+01    9.102150806418e-03    7.700715917053e-03
1540    7.700000000000e+01    9.111792929824e-03    7.712175503912e-03
1550    7.750000000000e+01    9.115529150678e-03    7.716141978563e-03
1560    7.800000000000e+01    9.095112637022e-03    7.693779669353e-03
1570    7.850000000000e+01    9.134290633432e-03    7.731485053228e-03
1580    7.900000000000e+01    9.096440856230e-03    7.691164648350e-03
1590    7.950000000000e+01    9.115539922370e-03    7.710106135164e-03
1600    8.000000000000e+01    9.108302778972e-03    7.704015320087e-03
1610    8.050000000000e+01    9.092880856050e-03    7.689777441556e-03
1620    8.100000000000e+01    9.125400553360e-03    7.723488059128e-03
1630    8.150000000000e+01    9.088612903381e-03    7.685429251978e-03
1640    8.200000000000e+01    9.116835732129e-03    7.712820024608e-03
1650    8.250000000000e+01    9.099248414644e-03    7.694509544308e-03
1660    8.300000000000e+01    9.090746696632e-03    7.687282584811e-03
1670    8.350000000000e+01    9.115171145372e-03    7.715026792539e-03
1680    8.400000000000e+01    9.080181968588e-03    7.681750839765e-03
1690    8.450000000000e+01    9.116358010948e-03    7.719141186499e-03
1700    8.500000000000e+01    9.087711289490e-03    7.688190709814e-03
1710    8.550000000000e+01    9.088597181091e-03    7.686294775340e-03
1720    8.600000000000e+01    9.107096138001e-03    7.703193316956e-03
1730    8.650000000000e+01    9.078039510939e-03    7.672960076889e-03
1740    8.700000000000e+01    9.118971719784e-03    7.715364057731e-03
1750    8.750000000000e+01    9.080769780103e-03    7.677871088163e-03
1760    8.800000000000e+01    9.087406191933e-03    7.685985883654e-03
1770    8.850000000000e+01    9.095092152512e-03    7.694826330408e-03
1780    8.900000000000e+01    9.070503272543e-03    7.670815155507e-03
1790    8.950000000000e+01    9.110153075051e-03    7.712519522102e-03
1800    9.000000000000e+01    9.069903912604e-03    7.672941250348e-03
1810    9.050000000000e+01    9.084754305044e-03    7.689442659284e-03
1820    9.100000000000e+01    9.082679170985e-03    7.687828413509e-03
1830    9.150000000000e+01    9.065011662431e-03    7.668959403418e-03
1840    9.200000000000e+01    9.102022434531e-03    7.704937499511e-03
1850    9.250000000000e+01    9.064048428494e-03    7.664603413104e-03
1860    9.300000000000e+01    9.088384142316e-03    7.688655350648e-03
1870    9.350000000000e+01    9.075586221371e-03    7.676193671614e-03
1880    9.400000000000e+01    9.063623143753e-03    7.665082323001e-03
1890    9.450000000000e+01    9.092995132336e-03    7.696198264057e-03
1900    9.500000000000e+01    9.056011329082e-03    7.659911083465e-03
1910    9.550000000000e+01    9.088359746586e-03    7.693817076870e-03
1920    9.600000000000e+01    9.064165908388e-03    7.669640744098e-03
1930    9.650000000000e+01    9.060032143960e-03    7.665181580705e-03
1940    9.700000000000e+01    9.082888412189e-03    7.687764065849e-03
1950    9.750000000000e+01    9.050919307771e-03    7.654414037461e-03
1960    9.800000000000e+01    9.093311823335e-03    7.696927972574e-03
1970    9.850000000000e+01    9.057294265939e-03    7.660471103918e-03
1980    9.900000000000e+01    9.060447649534e-03    7.664004022445e-03
1990    9.950000000000e+01    9.074141490536e-03    7.678299913096e-03
2000    1.000000000000e+02    9.046961459144e-03    7.650217486116e-03
2010    1.005000000000e+02    9.090530484651e-03    7.693430794461e-03
2020    1.010000000000e+02    9.051318089767e-03    7.652463882550e-03
2030    1.015000000000e+02    9.063280538449e-03    7.663717001378e-03
2040    1.020000000000e+02    9.067739610352e-03    7.667860946640e-03
2050    1.025000000000e+02    9.046057678628e-03    7.645826770386e-03
2060    1.030000000000e+02    9.086403847783e-03    7.686884444411e-03
2070    1.035000000000e+02    9.046569304182e-03    7.645861785932e-03
2080    1.040000000000e+02    9.066982925236e-03    7.665969610571e-03
2090    1.045000000000e+02    9.061295776325e-03    7.659576366677e-03
2100    1.050000000000e+02    9.046313606049e-03    7.643573777386e-03
2110    1.055000000000e+02    9.081672332389e-03    7.679183314394e-03
2120    1.060000000000e+02    9.043492658010e-03    7.639754124284e-03
2130    1.065000000000e+02    9.072729908357e-03    7.668904383536e-03
2140    1.070000000000e+02    9.055621612024e-03    7.651444470866e-03
2150    1.075000000000e+02    9.047240136223e-03    7.643094430023e-03
2160    1.080000000000e+02    9.075488231268e-03    7.672124521378e-03
2170    1.085000000000e+02    9.040287239339e-03    7.635943068635e-03
2180    1.090000000000e+02    9.079021742755e-03    7.674171006329e-03
2190    1.095000000000e+02    9.050588229519e-03    7.643482636922e-03
2200    1.100000000000e+02    9.050340683137e-03    7.641864295692e-03
2210    1.105000000000e+02    9.070908301230e-03    7.662202364372e-03
2220    1.110000000000e+02    9.039847853948e-03    7.630427952790e-03
2230    1.115000000000e+02    9.083433391606e-03    7.674809726268e-03
2240    1.120000000000e+02    9.045882750923e-03    7.636120764801e-03
2250    1.125000000000e+02    9.053289866600e-03    7.642902898624e-03
2260    1.130000000000e+02    9.064064501282e-03    7.653662198209e-03
2270    1.135000000000e+02    9.037798993180e-03    7.627557234628e-03
2280    1.140000000000e+02    9.080008009427e-03    7.671850703446e-03
2290    1.145000000000e+02    9.038554406077e-03    7.631224699253e-03
2300    1.150000000000e+02    9.053855108725e-03    7.647494655430e-03
2310    1.155000000000e+02    9.053937846431e-03    7.647430819816e-03
2320    1.160000000000e+02    9.034266884870e-03    7.626853078364e-03
2330    1.165000000000e+02    9.073626038839e-03    7.666022474950e-03
2340    1.170000000000e+02    9.033438478977e-03    7.624276614479e-03
2350    1.175000000000e+02    9.058556407520e-03    7.648934429199e-03
2360    1.180000000000e+02    9.047899847101e-03    7.636669225576e-03
2370    1.185000000000e+02    9.036125910773e-03    7.622483411069e-03
2380    1.190000000000e+02    9.069896205169e-03    7.654905200980e-03
2390    1.195000000000e+02    9.032130483681e-03    7.615490665557e-03
2400    1.200000000000e+02    9.066060419214e-03    7.650414632735e-03
2410    1.205000000000e+02    9.041489375924e-03    7.627395652889e-03
2420    1.210000000000e+02    9.035552621903e-03    7.623380507539e-03
2430    1.215000000000e+02    9.060112362646e-03    7.649502964341e-03
2440    1.220000000000e+02    9.026460655430e-03    7.614668645147e-03
2450    1.225000000000e+02    9.071724804620e-03    7.658623810130e-03
2460    1.230000000000e+02    9.036884245928e-03    7.620073429280e-03
2470    1.235000000000e+02    9.041999187203e-03    7.622014335539e-03
2480    1.240000000000e+02    9.059207962447e-03    7.636882323823e-03
2490    1.245000000000e+02    9.031812263870e-03    7.606749939441e-03
2500    1.250000000000e+02    9.078336420911e-03    7.652579301975e-03
2510    1.255000000000e+02    9.038272629095e-03    7.610464794197e-03
2520    1.260000000000e+02    9.051364203979e-03    7.622241486388e-03
2530    1.265000000000e+02    9.057282013946e-03    7.627319115272e-03
2540    1.270000000000e+02    9.035249632062e-03    7.604309565977e-03
2550    1.275000000000e+02    9.077971307724e-03    7.647778067621e-03
2560    1.280000000000e+02    9.036325343138e-03    7.605896306814e-03
2570    1.285000000000e+02    9.057836097655e-03    7.627820954440e-03
2580    1.290000000000e+02    9.052025230905e-03    7.621454541550e-03
2590    1.295000000000e+02    9.036995040906e-03    7.605212338603e-03
2600    1.300000000000e+02    9.074319914838e-03    7.642300597581e-03
2610    1.305000000000e+02    9.034353541122e-03    7.601559873365e-03
2620    1.310000000000e+02    9.064639151148e-03    7.633107968104e-03
2630    1.315000000000e+02    9.045684561866e-03    7.614767243467e-03
2640    1.320000000000e+02    9.037475674088e-03    7.606434293848e-03
2650    1.325000000000e+02    9.066899662437e-03    7.635488058440e-03
2660    1.330000000000e+02    9.031044414256e-03    7.597135362630e-03
2670    1.335000000000e+02    9.071917459062e-03    7.636996908332e-03
2680    1.340000000000e+02    9.040365057329e-03    7.604413317495e-03
2690    1.345000000000e+02    9.039796669348e-03    7.604380879457e-03
2700    1.350000000000e+02    9.058985380719e-03    7.624998136635e-03
2710    1.355000000000e+02    9.026278061364e-03    7.593252821607e-03
2720    1.360000000000e+02    9.070973411742e-03    7.640259093932e-03
2730    1.365000000000e+02    9.029450016290e-03    7.599572082654e-03
2740    1.370000000000e+02    9.036589955225e-03    7.608616785546e-03
2750    1.375000000000e+02    9.045000193919e-03    7.618902773174e-03
2760    1.380000000000e+02    9.018242169143e-03    7.592786381792e-03
2770    1.385000000000e+02    9.062499314381e-03    7.637856404472e-03
2780    1.390000000000e+02    9.020292102557e-03    7.593600676046e-03
2790    1.395000000000e+02    9.038546203022e-03    7.609848654283e-03
2800    1.400000000000e+02    9.038150193802e-03    7.607058002577e-03
2810    1.405000000000e+02    9.019971969989e-03    7.586278928102e-03
2820    1.410000000000e+02    9.060575633467e-03    7.625707727129e-03
2830    1.415000000000e+02    9.019635142930e-03    7.582670767079e-03
2840    1.420000000000e+02    9.046879854484e-03    7.609216459059e-03
2850    1.425000000000e+02    9.034281739065e-03    7.595493410918e-03
2860    1.430000000000e+02    9.022908341314e-03    7.583318748402e-03
2870    1.435000000000e+02    9.055933899284e-03    7.616983577464e-03
2880    1.440000000000e+02    9.017321172012e-03    7.577941703858e-03
2890    1.445000000000e+02    9.053520427665e-03    7.614735746756e-03
2900    1.450000000000e+02    9.028767664081e-03    7.588667973323e-03
2910    1.455000000000e+02    9.026122918665e-03    7.583975683701e-03
2920    1.460000000000e+02    9.051883586556e-03    7.608152171088e-03
2930    1.465000000000e+02    9.018791313556e-03    7.572843803246e-03
2940    1.470000000000e+02    9.064883335196e-03    7.619098179021e-03
2950    1.475000000000e+02    9.026553406230e-03    7.580687830341e-03
2960    1.480000000000e+02    9.030919522385e-03    7.585584050503e-03
2970    1.485000000000e+02    9.045832986205e-03    7.600758534863e-03
2980    1.490000000000e+02    9.017778409055e-03    7.571428005576e-03
2990    1.495000000000e+02    9.064884117200e-03    7.617769512763e-03
3000    1.500000000000e+02    9.023301728836e-03    7.574168217616e-03
3010    1.505000000000e+02    9.036392674870e-03    7.587212603539e-03
3020    1.510000000000e+02    9.039875431732e-03    7.592018153446e-03
3030    1.515000000000e+02    9.016207983877e-03    7.570320216473e-03
3040    1.520000000000e+02    9.057435425643e-03    7.614667008966e-03
3050    1.525000000000e+02    9.014068833238e-03    7.572112361231e-03
3060    1.530000000000e+02    9.035770125922e-03    7.593999403070e-03
3070    1.535000000000e+02    9.028575187861e-03    7.586179428472e-03
3080    1.540000000000e+02    9.012913058332e-03    7.569943923954e-03
3090    1.545000000000e+02    9.048773827907e-03    7.606703796228e-03
3100    1.550000000000e+02    9.007700559021e-03    7.565783891550e-03
3110    1.555000000000e+02    9.037986063257e-03    7.596931557600e-03
3120    1.560000000000e+02    9.018739427228e-03    7.576821801194e-03
3130    1.565000000000e+02    9.010930451040e-03    7.567808990643e-03
3140    1.570000000000e+02    9.039549800754e-03    7.596157243825e-03
3150    1.575000000000e+02    9.002648243203e-03    7.558867074295e-03
3160    1.580000000000e+02    9.041489549547e-03    7.600076475683e-03
3170    1.585000000000e+02    9.008382443189e-03    7.569092771519e-03
3180    1.590000000000e+02    9.007068465906e-03    7.569752076051e-03
3190    1.595000000000e+02    9.026254562357e-03    7.589925296088e-03
3200    1.600000000000e+02    8.995692276743e-03    7.557519893453e-03
3210    1.605000000000e+02    9.042069801203e-03    7.601713889017e-03
3220    1.610000000000e+02    9.004363665238e-03    7.560188866591e-03
3230    1.615000000000e+02    9.014003052881e-03    7.567158858365e-03
3240    1.620000000000e+02    9.024761893978e-03    7.576299886750e-03
3250    1.625000000000e+02    9.000244419875e-03    7.550392266239e-03
3260    1.630000000000e+02    9.044099325492e-03    7.594341749609e-03
3270    1.635000000000e+02    9.003780015204e-03    7.552460299848e-03
3280    1.640000000000e+02    9.021252310321e-03    7.569278969640e-03
3290    1.645000000000e+02    9.020888952604e-03    7.568737149086e-03
3300    1.650000000000e+02    9.002151374560e-03    7.550300721960e-03
3310    1.655000000000e+02    9.040037111917e-03    7.590441264256e-03
3320    1.660000000000e+02    8.999581263192e-03    7.550950245786e-03
3330    1.665000000000e+02    9.024998145939e-03    7.576781727039e-03
3340    1.670000000000e+02    9.014002225735e-03    7.564102062133e-03
3350    1.675000000000e+02    9.003909645498e-03    7.551052344752e-03
3360    1.680000000000e+02    9.036750603445e-03    7.582313555758e-03
3370    1.685000000000e+02    8.999871213793e-03    7.544467087428e-03
3380    1.690000000000e+02    9.032988394537e-03    7.579408458696e-03
3390    1.695000000000e+02    9.008296842041e-03    7.556026379461e-03
3400    1.700000000000e+02    9.003315447288e-03    7.552012571068e-03
3410    1.705000000000e+02    9.026948537758e-03    7.575864747196e-03
3420    1.710000000000e+02    8.994453129133e-03    7.541747192590e-03
3430    1.715000000000e+02    9.037286894931e-03    7.584622310787e-03
3440    1.720000000000e+02    9.001120223227e-03    7.547889566013e-03
3450    1.725000000000e+02    9.003547428366e-03    7.551182482530e-03
3460    1.730000000000e+02    9.017291384220e-03    7.566140549898e-03
3470    1.735000000000e+02    8.988782675199e-03    7.538172121713e-03
3480    1.740000000000e+02    9.031601972569e-03    7.582278247355e-03
3490    1.745000000000e+02    8.991612753248e-03    7.542014067440e-03
3500    1.750000000000e+02    9.002500886796e-03    7.553215959888e-03
3510    1.755000000000e+02    9.007014512548e-03    7.557634420664e-03
3520    1.760000000000e+02    8.984883327593e-03    7.534955750089e-03
3530    1.765000000000e+02    9.024998814828e-03    7.575628421364e-03
3540    1.770000000000e+02    8.985133807105e-03    7.535283435573e-03
3550    1.775000000000e+02    9.004564071195e-03    7.555380231679e-03
3560    1.780000000000e+02    8.999022002565e-03    7.549767223281e-03
3570    1.785000000000e+02    8.984132051012e-03    7.533661692833e-03
3580    1.790000000000e+02    9.019574655596e-03    7.568332956907e-03
3590    1.795000000000e+02    8.982668927613e-03    7.529352193160e-03
3600    1.800000000000e+02    9.011453276377e-03    7.557163264210e-03
3610    1.805000000000e+02    8.995569321662e-03    7.540326185335e-03
3620    1.810000000000e+02    8.987973282240e-03    7.531691409895e-03
3630    1.815000000000e+02    9.016402764777e-03    7.559676280835e-03
3640    1.820000000000e+02    8.982939730532e-03    7.524890523200e-03
3650    1.825000000000e+02    9.019321748632e-03    7.562058416624e-03
3660    1.830000000000e+02    8.990919473361e-03    7.534635285083e-03
3670    1.835000000000e+02    8.989222255591e-03    7.534242815382e-03
3680    1.840000000000e+02    9.008533892238e-03    7.554371232800e-03
3690    1.845000000000e+02    8.979974768948e-03    7.523848812525e-03
3700    1.850000000000e+02    9.022176933788e-03    7.564316128992e-03
3710    1.855000000000e+02    8.987986315073e-03    7.527334128099e-03
3720    1.860000000000e+02    8.994850339127e-03    7.532893803727e-03
3730    1.865000000000e+02    9.004988958991e-03    7.543142902250e-03
3740    1.870000000000e+02    8.980506301831e-03    7.518628144680e-03
3750    1.875000000000e+02    9.019986649970e-03    7.559084177956e-03
3760    1.880000000000e+02    8.982448862354e-03    7.521286762312e-03
3770    1.885000000000e+02    8.995942335801e-03    7.535973038102e-03
3780    1.890000000000e+02    8.995363393545e-03    7.537175280049e-03
3790    1.895000000000e+02    8.975549169524e-03    7.519340331783e-03
3800    1.900000000000e+02    9.009761963874e-03    7.556355960332e-03
3810    1.905000000000e+02    8.972159027691e-03    7.519241799855e-03
3820    1.910000000000e+02    8.993922722344e-03    7.541371983280e-03
3830    1.915000000000e+02    8.984547529483e-03    7.530724988101e-03
3840    1.920000000000e+02    8.973137298522e-03    7.517615895267e-03
3850    1.925000000000e+02    9.003001783741e-03    7.547091306151e-03
3860    1.930000000000e+02    8.968443724606e-03    7.511802101362e-03
3870    1.935000000000e+02    8.997860727696e-03    7.542342070337e-03
3880    1.940000000000e+02    8.976377667342e-03    7.521733127760e-03
3890    1.945000000000e+02    8.970519459815e-03    7.516790680711e-03
3900    1.950000000000e+02    8.992316453548e-03    7.539679229922e-03
3910    1.955000000000e+02    8.961109372148e-03    7.508764932027e-03
3920    1.960000000000e+02    8.998640598164e-03    7.548170741757e-03
3930    1.965000000000e+02    8.965436153820e-03    7.516626985307e-03
3940    1.970000000000e+02    8.965781835918e-03    7.519408200096e-03
3950    1.975000000000e+02    8.978606065973e-03    7.534175977526e-03
3960    1.980000000000e+02    8.952388206690e-03    7.507360714044e-03
3970    1.985000000000e+02    8.992360175091e-03    7.545985607067e-03
3980    1.990000000000e+02    8.957901715101e-03    7.508180226068e-03
3990    1.995000000000e+02    8.968040598929e-03    7.516076370848e-03
4000    2.000000000000e+02    8.973012831324e-03    7.520464449954e-03
4010    2.005000000000e+02    8.951561406812e-03    7.499329628445e-03
4020    2.010000000000e+02    8.987069608434e-03    7.536570348748e-03
4030    2.015000000000e+02    8.950337656586e-03    7.500238923967e-03
4040    2.020000000000e+02    8.966934233367e-03    7.517629654103e-03
4050    2.025000000000e+02    8.961950250292e-03    7.512981277614e-03
4060    2.030000000000e+02    8.946663184433e-03    7.498141465476e-03
4070    2.035000000000e+02    8.977612158357e-03    7.530601845247e-03
4080    2.040000000000e+02    8.942467579588e-03    7.495833069697e-03
4090    2.045000000000e+02    8.966931560752e-03    7.521413736868e-03
4100    2.050000000000e+02    8.952250814666e-03    7.506477520110e-03
4110    2.055000000000e+02    8.944390899923e-03    7.497707280891e-03
4120    2.060000000000e+02    8.970301946031e-03    7.523088746893e-03
4130    2.065000000000e+02    8.939363437081e-03    7.490757224332e-03
4140    2.070000000000e+02    8.972779036736e-03    7.524017219112e-03
4150    2.075000000000e+02    8.947547051193e-03    7.498050245886e-03
4160    2.080000000000e+02    8.946335249634e-03    7.496436668589e-03
4170    2.085000000000e+02    8.964457402907e-03    7.514359025663e-03
4180    2.090000000000e+02    8.937354399891e-03    7.486510818126e-03
4190    2.095000000000e+02    8.975263812591e-03    7.525008420998e-03
4200    2.100000000000e+02    8.942032086095e-03    7.492056485717e-03
4210    2.105000000000e+02    8.947069892618e-03    7.498668625885e-03
4220    2.110000000000e+02    8.955499513885e-03    7.509093398767e-03
4230    2.115000000000e+02    8.932359179421e-03    7.486643954508e-03
4240    2.120000000000e+02    8.969162580302e-03    7.524375415414e-03
4250    2.125000000000e+02    8.934155548021e-03    7.488515319892e-03
4260    2.130000000000e+02    8.947506806781e-03    7.501806190703e-03
4270    2.135000000000e+02    8.947083561899e-03    7.502108261178e-03
4280    2.140000000000e+02    8.929092151225e-03    7.485200346309e-03
4290    2.145000000000e+02    8.961432626269e-03    7.519585718910e-03
4300    2.150000000000e+02    8.925935247575e-03    7.484144619411e-03
4310    2.155000000000e+02    8.946969393923e-03    7.504915582103e-03
4320    2.160000000000e+02    8.937492157554e-03    7.493858511225e-03
4330    2.165000000000e+02    8.926456557580e-03    7.481762373573e-03
4340    2.170000000000e+02    8.953858806763e-03    7.510151283896e-03
4350    2.175000000000e+02    8.919849588418e-03    7.476925096853e-03
4360    2.180000000000e+02    8.947512240832e-03    7.507023492508e-03
4370    2.185000000000e+02    8.926002936120e-03    7.486642712138e-03
4380    2.190000000000e+02    8.920504218862e-03    7.481835014005e-03
4390    2.195000000000e+02    8.941242593021e-03    7.503427235861e-03
4400    2.200000000000e+02    8.911100403303e-03    7.473232817574e-03
4410    2.205000000000e+02    8.947912118938e-03    7.511335310483e-03
4420    2.210000000000e+02    8.915926835906e-03    7.479309128030e-03
4430    2.215000000000e+02    8.917899257241e-03    7.481265117349e-03
4440    2.220000000000e+02    8.931426263390e-03    7.494316058910e-03
4450    2.225000000000e+02    8.906565853606e-03    7.467836406249e-03
4460    2.230000000000e+02    8.945897102924e-03    7.506748320338e-03
4470    2.235000000000e+02    8.910480376400e-03    7.470092019503e-03
4480    2.240000000000e+02    8.920125664761e-03    7.479910814254e-03
4490    2.245000000000e+02    8.924704673512e-03    7.484533919524e-03
4500    2.250000000000e+02    8.905008695397e-03    7.463637697583e-03
4510    2.255000000000e+02    8.942468697692e-03    7.500393590817e-03
4520    2.260000000000e+02    8.906881306038e-03    7.462984809536e-03
4530    2.265000000000e+02    8.924917642606e-03    7.481026547794e-03
4540    2.270000000000e+02    8.919310637279e-03    7.476396989659e-03
4550    2.275000000000e+02    8.904490424596e-03    7.462839743312e-03
4560    2.280000000000e+02    8.936228106805e-03    7.496060453377e-03
4570    2.285000000000e+02    8.901456570865e-03    7.460535135579e-03
4580    2.290000000000e+02    8.928238744016e-03    7.486668901947e-03
4590    2.295000000000e+02    8.912985358854e-03    7.470455626390e-03
4600    2.300000000000e+02    8.905341397100e-03    7.462714845133e-03
4610    2.305000000000e+02    8.930907687438e-03    7.489410853850e-03
4620    2.310000000000e+02    8.898577585306e-03    7.456830950105e-03
4630    2.315000000000e+02    8.933390019467e-03    7.492026495129e-03
4640    2.320000000000e+02    8.906935412928e-03    7.464395489478e-03
4650    2.325000000000e+02    8.906353009063e-03    7.463193903277e-03
4660    2.330000000000e+02    8.924211261227e-03    7.481808584998e-03
4670    2.335000000000e+02    8.895302966170e-03    7.453430766873e-03
4680    2.340000000000e+02    8.934241110524e-03    7.494198056520e-03
4690    2.345000000000e+02    8.899100365451e-03    7.458965203114e-03
4700    2.350000000000e+02    8.905243325062e-03    7.465455591046e-03
4710    2.355000000000e+02    8.914343822117e-03    7.474984016881e-03
4720    2.360000000000e+02    8.890384960184e-03    7.451108232090e-03
4730    2.365000000000e+02    8.928773189389e-03    7.491263542761e-03
4740    2.370000000000e+02    8.891012556745e-03    7.453443363374e-03
4750    2.375000000000e+02    8.904963943019e-03    7.468048288501e-03
4760    2.380000000000e+02    8.904574312813e-03    7.467611222637e-03
4770    2.385000000000e+02    8.886610605563e-03    7.448789505361e-03
4780    2.390000000000e+02    8.922298787539e-03    7.484619547540e-03
4790    2.395000000000e+02    8.885594260406e-03    7.446400562003e-03
4800    2.400000000000e+02    8.908924654198e-03    7.468912505828e-03
4810    2.405000000000e+02    8.898734058404e-03    7.457334481842e-03
4820    2.410000000000e+02    8.887342746787e-03    7.444957389453e-03
4830    2.415000000000e+02    8.917497710496e-03    7.475273429918e-03
4840    2.420000000000e+02    8.882354127832e-03    7.439760078341e-03
4850    2.425000000000e+02    8.914152767435e-03    7.472237925867e-03
4860    2.430000000000e+02    8.892145424807e-03    7.449900755091e-03
4870    2.435000000000e+02    8.887636257237e-03    7.445258884218e-03
4880    2.440000000000e+02    8.910488113768e-03    7.468676271856e-03
4890    2.445000000000e+02    8.878841382121e-03    7.436647255417e-03
4900    2.450000000000e+02    8.920003839598e-03    7.478684008674e-03
4910    2.455000000000e+02    8.885754511772e-03    7.444189108355e-03
4920    2.460000000000e+02    8.889092537518e-03    7.447107524058e-03
4930    2.465000000000e+02    8.903894259252e-03    7.461518905075e-03
4940    2.470000000000e+02    8.877381315225e-03    7.433748370204e-03
4950    2.475000000000e+02    8.920141924397e-03    7.476726113055e-03
4960    2.480000000000e+02    8.881773438357e-03    7.437292984832e-03
4970    2.485000000000e+02    8.893530647295e-03    7.448314186149e-03
4980    2.490000000000e+02    8.899130943350e-03    7.452548619767e-03
4990    2.495000000000e+02    8.878757820030e-03    7.429957398017e-03
5000    2.500000000000e+02    8.919433220121e-03    7.470148386346e-03
5010    2.505000000000e+02    8.880232296762e-03    7.429936532390e-03
5020    2.510000000000e+02    8.899510636829e-03    7.450545223946e-03
5030    2.515000000000e+02    8.892854536058e-03    7.445402010489e-03
5040    2.520000000000e+02    8.876979445798e-03    7.430435436618e-03
5050    2.525000000000e+02    8.911425552799e-03    7.466440264579e-03
5060    2.530000000000e+02    8.873436945147e-03    7.427777462908e-03
5070    2.535000000000e+02    8.902530384081e-03    7.456605438165e-03
5080    2.540000000000e+02    8.886004198946e-03    7.438128021022e-03
5090    2.545000000000e+02    8.878691468689e-03    7.428549898577e-03
5100    2.550000000000e+02    8.907718558562e-03    7.455868313627e-03
5110    2.555000000000e+02    8.873497910126e-03    7.419113209835e-03
5120    2.560000000000e+02    8.912013025216e-03    7.457720095772e-03
5130    2.565000000000e+02    8.882043749135e-03    7.428017170241e-03
5140    2.570000000000e+02    8.880767102082e-03    7.428204710777e-03
5150    2.575000000000e+02    8.899765047144e-03    7.449023284607e-03
5160    2.580000000000e+02    8.868267760539e-03    7.417666991387e-03
5170    2.585000000000e+02    8.912178998599e-03    7.462220037269e-03
5180    2.590000000000e+02    8.873989489367e-03    7.422439900438e-03
5190    2.595000000000e+02    8.882263598006e-03    7.429459006744e-03
5200    2.600000000000e+02    8.893055258005e-03    7.439102174430e-03
5210    2.605000000000e+02    8.867783461885e-03    7.412315154397e-03
5220    2.610000000000e+02    8.911633501960e-03    7.456257829290e-03
5230    2.615000000000e+02    8.869836256070e-03    7.413906155307e-03
5240    2.620000000000e+02    8.885940935749e-03    7.431197522237e-03
5250    2.625000000000e+02    8.884603868443e-03    7.431210469804e-03
5260    2.630000000000e+02    8.864537940970e-03    7.412258623845e-03
5270    2.635000000000e+02    8.903846074504e-03    7.453500167685e-03
5280    2.640000000000e+02    8.862159279810e-03    7.412085804390e-03
5290    2.645000000000e+02    8.888263151070e-03    7.439219177286e-03
5300    2.650000000000e+02    8.876049846646e-03    7.426587018017e-03
5310    2.655000000000e+02    8.864721190321e-03    7.413581911351e-03
5320    2.660000000000e+02    8.899729611778e-03    7.446630927006e-03
5330    2.665000000000e+02    8.862850303421e-03    7.405583985928e-03
5340    2.670000000000e+02    8.901119154662e-03    7.440698354003e-03
5350    2.675000000000e+02    8.877593779919e-03    7.414309136948e-03
5360    2.680000000000e+02    8.874150214923e-03    7.409705721329e-03
5370    2.685000000000e+02    8.899330511814e-03    7.435967379934e-03
5380    2.690000000000e+02    8.863945872512e-03    7.401498786749e-03
5390    2.695000000000e+02    8.909571460594e-03    7.449774567249e-03
5400    2.700000000000e+02    8.870667493799e-03    7.411849692289e-03
5410    2.705000000000e+02    8.874853708157e-03    7.417101547617e-03
5420    2.710000000000e+02    8.890547926793e-03    7.433720925292e-03
5430    2.715000000000e+02    8.861620138179e-03    7.403956524286e-03
5440    2.720000000000e+02    8.909719524397e-03    7.452368330632e-03
5450    2.725000000000e+02    8.867744505358e-03    7.407943277940e-03
5460    2.730000000000e+02    8.882886602598e-03    7.420174197250e-03
5470    2.735000000000e+02    8.890014456792e-03    7.423455657772e-03
5480    2.740000000000e+02    8.869627960841e-03    7.398070417366e-03
5490    2.745000000000e+02    8.916043366707e-03    7.441650421242e-03
5500    2.750000000000e+02    8.873485382389e-03    7.396198297101e-03
5510    2.755000000000e+02    8.896472303028e-03    7.419372836011e-03
5520    2.760000000000e+02    8.888823268320e-03    7.412666425807e-03
5530    2.765000000000e+02    8.872352718920e-03    7.397317556752e-03
5540    2.770000000000e+02    8.910286983229e-03    7.437229155585e-03
5550    2.775000000000e+02    8.868014574712e-03    7.395032359454e-03
5560    2.780000000000e+02    8.900358085063e-03    7.428881943270e-03
5570    2.785000000000e+02    8.879910130611e-03    7.409092458147e-03
5580    2.790000000000e+02    8.871328095453e-03    7.401533917800e-03
5590    2.795000000000e+02    8.901200767717e-03    7.432833031089e-03
5600    2.800000000000e+02    8.862981462741e-03    7.393611294901e-03
5610    2.805000000000e+02    8.906683349411e-03    7.436379242790e-03
5620    2.810000000000e+02    8.874275748694e-03    7.400953491924e-03
5630    2.815000000000e+02    8.876204589428e-03    7.400243803204e-03
5640    2.820000000000e+02    8.897697968293e-03    7.420016888318e-03
5650    2.825000000000e+02    8.864847870229e-03    7.385542850898e-03
5660    2.830000000000e+02    8.913319042557e-03    7.434499862029e-03
5670    2.835000000000e+02    8.870010440398e-03    7.390599157588e-03
5680    2.840000000000e+02    8.879267092152e-03    7.400468318338e-03
5690    2.845000000000e+02    8.888355694068e-03    7.410655744934e-03
5700    2.850000000000e+02    8.860914163517e-03    7.383904503513e-03
5710    2.855000000000e+02    8.907115989831e-03    7.432252508806e-03
5720    2.860000000000e+02    8.861315210724e-03    7.386364303784e-03
5730    2.865000000000e+02    8.880164289305e-03    7.405500944515e-03
5740    2.870000000000e+02    8.878000574643e-03    7.403088847241e-03
5750    2.875000000000e+02    8.858841511850e-03    7.383082755041e-03
5760    2.880000000000e+02    8.900883398091e-03    7.425302659612e-03
5770    2.885000000000e+02    8.857721679992e-03    7.380641931377e-03
5780    2.890000000000e+02    8.887175719008e-03    7.409606377223e-03
5790    2.895000000000e+02    8.873457001222e-03    7.394267790914e-03
5800    2.900000000000e+02    8.863120012950e-03    7.381983148662e-03
5810    2.905000000000e+02    8.898427739201e-03    7.416314429065e-03
5820    2.910000000000e+02    8.859910016361e-03    7.374966424322e-03
5830    2.915000000000e+02    8.900141512318e-03    7.413577593070e-03
5840    2.920000000000e+02    8.874599988322e-03    7.385339767097e-03
5850    2.925000000000e+02    8.873015608940e-03    7.381615361737e-03
5860    2.930000000000e+02    8.899377925548e-03    7.407155764668e-03
5870    2.935000000000e+02    8.865598727418e-03    7.371428322585e-03
5880    2.940000000000e+02    8.914878982529e-03    7.420439343150e-03
5890    2.945000000000e+02    8.875603345181e-03    7.379423784187e-03
5900    2.950000000000e+02    8.881912079626e-03    7.384908094537e-03
5910    2.955000000000e+02    8.897589622057e-03    7.400311798847e-03
5920    2.960000000000e+02    8.868851929769e-03    7.371139170573e-03
5930    2.965000000000e+02    8.917123119929e-03    7.421005463584e-03
5940    2.970000000000e+02    8.873007681826e-03    7.376475673482e-03
5950    2.975000000000e+02    8.887260333687e-03    7.390668877633e-03
5960    2.980000000000e+02    8.892022247137e-03    7.394312077849e-03
5970    2.985000000000e+02    8.870657913229e-03    7.370374521997e-03
5980    2.990000000000e+02    8.916005403214e-03    7.414680831062e-03
5990    2.995000000000e+02    8.872926806352e-03    7.369197614025e-03
6000    3.000000000000e+02    8.896219001766e-03    7.391816611744e-03
6010    3.005000000000e+02    8.888749882831e-03    7.383442877654e-03
6020    3.010000000000e+02    8.873195703113e-03    7.366884328803e-03
6030    3.015000000000e+02    8.910865205143e-03    7.405066962747e-03
6040    3.020000000000e+02    8.868669628190e-03    7.363219643594e-03
6050    3.025000000000e+02    8.899410803195e-03    7.396949424219e-03
6060    3.030000000000e+02    8.877736997035e-03    7.377888691735e-03
6070    3.035000000000e+02    8.867680355614e-03    7.370483815066e-03
6080    3.040000000000e+02    8.896855893594e-03    7.401230899632e-03
6090    3.045000000000e+02    8.859508304717e-03    7.361881964243e-03
6100    3.050000000000e+02    8.902529378122e-03    7.402474534501e-03
6110    3.055000000000e+02    8.872090391854e-03    7.367797551524e-03
6120    3.060000000000e+02    8.873100838013e-03    7.365931303866e-03
6130    3.065000000000e+02    8.894716021793e-03    7.386794029117e-03
6140    3.070000000000e+02    8.861711625384e-03    7.353494789641e-03
6150    3.075000000000e+02    8.907950388132e-03    7.401477151689e-03
6160    3.080000000000e+02    8.867077731201e-03    7.361153654529e-03
6170    3.085000000000e+02    8.874947370804e-03    7.369861177722e-03
6180    3.090000000000e+02    8.886230938764e-03    7.381602332316e-03
6190    3.095000000000e+02    8.859670419644e-03    7.354259492786e-03
6200    3.100000000000e+02    8.905605355111e-03    7.400297122331e-03
6210    3.105000000000e+02    8.864092356311e-03    7.356389519373e-03
6220    3.110000000000e+02    8.882192225593e-03    7.372221062724e-03
6230    3.115000000000e+02    8.884423315420e-03    7.371797409178e-03
6240    3.120000000000e+02    8.865755499159e-03    7.349947501098e-03
6250    3.125000000000e+02    8.907570413063e-03    7.391175303383e-03
6260    3.130000000000e+02    8.866579415287e-03    7.348968874794e-03
6270    3.135000000000e+02    8.891942128633e-03    7.375131163826e-03
6280    3.140000000000e+02    8.880867407626e-03    7.364772577603e-03
6290    3.145000000000e+02    8.867562998875e-03    7.351557884249e-03
6300    3.150000000000e+02    8.901725450219e-03    7.386653207504e-03
6310    3.155000000000e+02    8.863340572738e-03    7.347524231591e-03
6320    3.160000000000e+02    8.898058347842e-03    7.382475219856e-03
6330    3.165000000000e+02    8.875797680879e-03    7.358974163253e-03
6340    3.170000000000e+02    8.870706757933e-03    7.352415460446e-03
6350    3.175000000000e+02    8.897422035123e-03    7.378073997643e-03
6360    3.180000000000e+02    8.863575638398e-03    7.341896717662e-03
6370    3.185000000000e+02    8.907663165332e-03    7.385534643618e-03
6380    3.190000000000e+02    8.873008011930e-03    7.349630106546e-03
6390    3.195000000000e+02    8.875533091319e-03    7.351723664215e-03
6400    3.200000000000e+02    8.892412152782e-03    7.368550201136e-03
6410    3.205000000000e+02    8.863171688408e-03    7.337997333707e-03
6420    3.210000000000e+02    8.908053594860e-03    7.382776719169e-03
6430    3.215000000000e+02    8.868513471641e-03    7.342054070250e-03
6440    3.220000000000e+02    8.879038204748e-03    7.353089986282e-03
6450    3.225000000000e+02    8.885053330631e-03    7.360272953520e-03
6460    3.230000000000e+02    8.860787395917e-03    7.337303377426e-03
6470    3.235000000000e+02    8.901555566227e-03    7.380481012660e-03
6480    3.240000000000e+02    8.860531560250e-03    7.339248551034e-03
6490    3.245000000000e+02    8.879827817332e-03    7.358646961620e-03
6500    3.250000000000e+02    8.875540766475e-03    7.353496304859e-03
6510    3.255000000000e+02    8.859659234113e-03    7.335855657402e-03
6520    3.260000000000e+02    8.896343441290e-03    7.371944798251e-03
6530    3.265000000000e+02    8.858125022598e-03    7.331907951084e-03
6540    3.270000000000e+02    8.886545474815e-03    7.360262229668e-03
6550    3.275000000000e+02    8.869696309931e-03    7.343705986386e-03
6560    3.280000000000e+02    8.859820923158e-03    7.334798783631e-03
6570    3.285000000000e+02    8.887556392741e-03    7.364535348643e-03
6580    3.290000000000e+02    8.851888838927e-03    7.329538028898e-03
6590    3.295000000000e+02    8.889020496453e-03    7.367836676167e-03
6600    3.300000000000e+02    8.860529852435e-03    7.339033872086e-03
6610    3.305000000000e+02    8.859396566618e-03    7.337690689383e-03
6620    3.310000000000e+02    8.879136812821e-03    7.357741854321e-03
6630    3.315000000000e+02    8.848937333037e-03    7.326889341130e-03
6640    3.320000000000e+02    8.891312448123e-03    7.369617337645e-03
6650    3.325000000000e+02    8.855090743169e-03    7.332379017498e-03
6660    3.330000000000e+02    8.862724369071e-03    7.338852665271e-03
6670    3.335000000000e+02    8.873642938276e-03    7.348342661317e-03
6680    3.340000000000e+02    8.850061873544e-03    7.322639750782e-03
6690    3.345000000000e+02    8.891561397081e-03    7.363550218543e-03
6700    3.350000000000e+02    8.853301337483e-03    7.323897491005e-03
6710    3.355000000000e+02    8.868822406212e-03    7.339299691921e-03
6720    3.360000000000e+02    8.868941822217e-03    7.339026779846e-03
6730    3.365000000000e+02    8.851710908339e-03    7.320738042836e-03
6740    3.370000000000e+02    8.888803708136e-03    7.357652423707e-03
6750    3.375000000000e+02    8.851477172342e-03    7.319055781409e-03
6760    3.380000000000e+02    8.875120556446e-03    7.343608072915e-03
6770    3.385000000000e+02    8.863248319525e-03    7.332983487686e-03
6780    3.390000000000e+02    8.851626964966e-03    7.322884151108e-03
6790    3.395000000000e+02    8.881211153653e-03    7.354504032264e-03
6800    3.400000000000e+02    8.846729442413e-03    7.319414272388e-03
6810    3.405000000000e+02    8.879883566726e-03    7.352206077485e-03
6820    3.410000000000e+02    8.857923720924e-03    7.328351965043e-03
6830    3.415000000000e+02    8.854874241333e-03    7.323888139581e-03
6840    3.420000000000e+02    8.877431532384e-03    7.346004043939e-03
6850    3.425000000000e+02    8.847390450589e-03    7.314326358028e-03
6860    3.430000000000e+02    8.889491480072e-03    7.355852868386e-03
6870    3.435000000000e+02    8.855570457176e-03    7.320091118345e-03
6880    3.440000000000e+02    8.859509097709e-03    7.323687247663e-03
6890    3.445000000000e+02    8.872117919715e-03    7.337584303059e-03
6900    3.450000000000e+02    8.844821200823e-03    7.311945290894e-03
6910    3.455000000000e+02    8.884672799354e-03    7.355726035712e-03
6920    3.460000000000e+02    8.844634698283e-03    7.318278495404e-03
6930    3.465000000000e+02    8.854703034658e-03    7.331026481552e-03
6940    3.470000000000e+02    8.857547116851e-03    7.335433563640e-03
6950    3.475000000000e+02    8.836579669927e-03    7.314400748328e-03
6960    3.480000000000e+02    8.875008578094e-03    7.352904922300e-03
6970    3.485000000000e+02    8.836370712357e-03    7.312445114621e-03
6980    3.490000000000e+02    8.856110606929e-03    7.331126293138e-03
6990    3.495000000000e+02    8.850117228726e-03    7.323383581934e-03
7000    3.500000000000e+02    8.836098457052e-03    7.307764499274e-03
7010    3.505000000000e+02    8.869664202643e-03    7.340832303271e-03
7020    3.510000000000e+02    8.832527119532e-03    7.302535775125e-03
7030    3.515000000000e+02    8.859483392834e-03    7.330948906201e-03
7040    3.520000000000e+02    8.840727363056e-03    7.314002843486e-03
7050    3.525000000000e+02    8.831251732413e-03    7.307355258490e-03
7060    3.530000000000e+02    8.855982928922e-03    7.335849357332e-03
7070    3.535000000000e+02    8.821081127700e-03    7.303107929147e-03
7080    3.540000000000e+02    8.856758722393e-03    7.341098636971e-03
7090    3.545000000000e+02    8.828117880803e-03    7.312290043046e-03
7100    3.550000000000e+02    8.828183458607e-03    7.311376534744e-03
7110    3.555000000000e+02    8.847559068811e-03    7.329322833357e-03
7120    3.560000000000e+02    8.819892567140e-03    7.298802696823e-03
7130    3.565000000000e+02    8.862425485553e-03    7.339916249293e-03
7140    3.570000000000e+02    8.827843683612e-03    7.302995051759e-03
7150    3.575000000000e+02    8.836042180054e-03    7.310016291740e-03
7160    3.580000000000e+02    8.846264536909e-03    7.319766084038e-03
7170    3.585000000000e+02    8.822934443553e-03    7.295530992451e-03
7180    3.590000000000e+02    8.862756644748e-03    7.336847537772e-03
7190    3.595000000000e+02    8.824473851773e-03    7.299423434233e-03
7200    3.600000000000e+02    8.838599598318e-03    7.315753956391e-03
7210    3.605000000000e+02    8.837790794649e-03    7.317217973650e-03
7220    3.610000000000e+02    8.819352914295e-03    7.299796602638e-03
7230    3.615000000000e+02    8.855068882025e-03    7.336778952777e-03
7240    3.620000000000e+02    8.818026702849e-03    7.298424254259e-03
7250    3.625000000000e+02    8.841063298828e-03    7.320789960431e-03
7260    3.630000000000e+02    8.831205112836e-03    7.309666872061e-03
7270    3.635000000000e+02    8.819691532883e-03    7.297163545445e-03
7280    3.640000000000e+02    8.849793126030e-03    7.327591613830e-03
7290    3.645000000000e+02    8.814711401010e-03    7.291615384020e-03
7300    3.650000000000e+02    8.844916600560e-03    7.322919490434e-03
7310    3.655000000000e+02    8.822780289693e-03    7.301271851247e-03
7320    3.660000000000e+02    8.816164044830e-03    7.296434373529e-03
7330    3.665000000000e+02    8.837259033862e-03    7.320765325858e-03
7340    3.670000000000e+02    8.803991212080e-03    7.290148076208e-03
7350    3.675000000000e+02    8.841495025890e-03    7.331462952607e-03
7360    3.680000000000e+02    8.807323319029e-03    7.298855364752e-03
7370    3.685000000000e+02    8.808585182540e-03    7.300809386834e-03
7380    3.690000000000e+02    8.822828731685e-03    7.314750987462e-03
7390    3.695000000000e+02    8.796060845213e-03    7.286378536264e-03
7400    3.700000000000e+02    8.836676347895e-03    7.326816542445e-03
7410    3.705000000000e+02    8.799680856887e-03    7.289222830877e-03
7420    3.710000000001e+02    8.809046918291e-03    7.299450631763e-03
7430    3.715000000001e+02    8.813594552821e-03    7.305175398869e-03
7440    3.720000000001e+02    8.791462919603e-03    7.283534240742e-03
7450    3.725000000001e+02    8.828701348206e-03    7.322549031414e-03
7460    3.730000000001e+02    8.790480106474e-03    7.284803685252e-03
7470    3.735000000001e+02    8.807723190370e-03    7.303588072318e-03
7480    3.740000000001e+02    8.802356933260e-03    7.299813325517e-03
7490    3.745000000001e+02    8.786877976553e-03    7.284970703040e-03
7500    3.750000000001e+02    8.820024235989e-03    7.319049454964e-03
7510    3.755000000001e+02    8.784232883976e-03    7.282033868250e-03
7520    3.760000000001e+02    8.810912833573e-03    7.308183452551e-03
7530    3.765000000001e+02    8.795997102748e-03    7.291869437722e-03
7540    3.770000000001e+02    8.788098473493e-03    7.282588717317e-03
7550    3.775000000001e+02    8.815335871021e-03    7.309636660466e-03
7560    3.780000000001e+02    8.782565606543e-03    7.276006046595e-03
7570    3.785000000001e+02    8.816893229440e-03    7.312001670471e-03
7580    3.790000000001e+02    8.789243284073e-03    7.285620094081e-03
7590    3.795000000001e+02    8.786408654573e-03    7.284925748536e-03
7600    3.800000000001e+02    8.803896522889e-03    7.305049820388e-03
7610    3.805000000001e+02    8.774157940872e-03    7.276118797563e-03
7620    3.810000000001e+02    8.813407936188e-03    7.316636498217e-03
7630    3.815000000001e+02    8.778688103142e-03    7.281455336852e-03
7640    3.820000000001e+02    8.784309394386e-03    7.287395129424e-03
7650    3.825000000001e+02    8.793429311669e-03    7.297183843548e-03
7660    3.830000000001e+02    8.768654566469e-03    7.272472152181e-03
7670    3.835000000001e+02    8.806738405482e-03    7.312170700061e-03
7680    3.840000000001e+02    8.768774378322e-03    7.274520905412e-03
7690    3.845000000001e+02    8.781811315010e-03    7.289326826140e-03
7700    3.850000000001e+02    8.780578293808e-03    7.290297518921e-03
7710    3.855000000001e+02    8.760817240686e-03    7.272771581484e-03
7720    3.860000000001e+02    8.794445911712e-03    7.309717149838e-03
7730    3.865000000001e+02    8.756103707167e-03    7.272468146766e-03
7740    3.870000000001e+02    8.777763221515e-03    7.295069590327e-03
7750    3.875000000001e+02    8.767443200087e-03    7.283877087502e-03
7760    3.880000000001e+02    8.756857597374e-03    7.271261679307e-03
7770    3.885000000001e+02    8.787492522422e-03    7.300447042326e-03
7780    3.890000000001e+02    8.753386479570e-03    7.264349678735e-03
7790    3.895000000001e+02    8.784420412236e-03    7.295778485059e-03
7800    3.900000000001e+02    8.761887752489e-03    7.273769972016e-03
7810    3.905000000001e+02    8.756424183684e-03    7.270216964571e-03
7820    3.910000000001e+02    8.777565153720e-03    7.294365852431e-03
7830    3.915000000001e+02    8.745618711562e-03    7.264578928698e-03
7840    3.920000000001e+02    8.784873250841e-03    7.306971902835e-03
7850    3.925000000001e+02    8.750702673669e-03    7.273626136339e-03
7860    3.930000000001e+02    8.753632552664e-03    7.277009626705e-03
7870    3.935000000001e+02    8.767425706718e-03    7.290563623428e-03
7880    3.940000000001e+02    8.742008523018e-03    7.263421322023e-03
7890    3.945000000001e+02    8.783849907848e-03    7.304584711164e-03
7900    3.950000000001e+02    8.746988683550e-03    7.266098311447e-03
7910    3.955000000001e+02    8.758429477324e-03    7.277360180524e-03
7920    3.960000000001e+02    8.762087815922e-03    7.281526582119e-03
7930    3.965000000001e+02    8.741052372311e-03    7.260855977620e-03
7940    3.970000000001e+02    8.778101778533e-03    7.299924357540e-03
7950    3.975000000001e+02    8.739187511384e-03    7.261667803505e-03
