time_step time kinetic_energy potential_energy
0    0.000000000000e+00    9.274906978632e-03    7.944941698042e-03
10    2.000000000000e+00    9.382336075129e-03    7.579860292935e-03
20    4.000000000000e+00    9.323311187589e-03    7.614853787345e-03
30    6.000000000000e+00    9.199927603633e-03    7.653015408323e-03
40    8.000000000000e+00    9.240765083576e-03    7.504899651394e-03
50    1.000000000000e+01    9.193521099262e-03    7.510610070312e-03
60    1.200000000000e+01    9.123583199714e-03    7.477072515940e-03
70    1.400000000000e+01    9.110947093737e-03    7.426575814861e-03
80    1.600000000000e+01    9.089461978163e-03    7.418532046358e-03
90    1.800000000000e+01    9.047714147666e-03    7.359981522313e-03
100    2.000000000000e+01    9.019950843423e-03    7.345964804699e-03
110    2.200000000000e+01    8.998832810832e-03    7.326679617108e-03
120    2.400000000000e+01    8.948884495357e-03    7.276176169398e-03
130    2.600000000000e+01    8.927549169826e-03    7.266731851814e-03
140    2.800000000000e+01    8.897042672122e-03    7.231799505462e-03
150    3.000000000000e+01    8.859876430990e-03    7.196421197477e-03
160    3.200000000000e+01    8.844631594689e-03    7.191710491497e-03
170    3.400000000000e+01    8.801677315342e-03    7.149639516683e-03
180    3.600000000000e+01    8.781565375994e-03    7.121079722310e-03
190    3.800000000000e+01    8.775193892127e-03    7.115818820239e-03
200    4.000000000000e+01    8.723477040840e-03    7.076388876158e-03
210    4.200000000000e+01    8.713048959408e-03    7.059222804855e-03
220    4.400000000000e+01    8.693820463153e-03    7.039282751975e-03
230    4.600000000000e+01    8.657084459613e-03    7.001218878031e-03
240    4.800000000000e+01    8.643305887767e-03    7.000314317338e-03
250    5.000000000000e+01    8.609698171538e-03    6.969140276851e-03
260    5.200000000000e+01    8.590069010571e-03    6.937877766177e-03
270    5.400000000000e+01    8.579416500307e-03    6.935358956071e-03
280    5.600000000000e+01    8.534895991674e-03    6.901198422383e-03
290    5.800000000000e+01    8.525499778770e-03    6.883228720653e-03
300    6.000000000000e+01    8.516566011137e-03    6.875303529341e-03
310    6.200000000000e+01    8.476523308011e-03    6.834994800556e-03
320    6.400000000000e+01    8.468324412040e-03    6.828605590272e-03
330    6.600000000000e+01    8.444595415695e-03    6.806887045059e-03
340    6.800000000000e+01    8.417193054976e-03    6.777747873457e-03
350    7.000000000000e+01    8.410361479397e-03    6.780262607208e-03
360    7.200000000000e+01    8.376547517816e-03    6.743785160324e-03
370    7.400000000000e+01    8.357770387889e-03    6.724263360411e-03
380    7.600000000000e+01    8.350180973396e-03    6.728948818818e-03
390    7.800000000000e+01    8.312203659216e-03    6.685624081001e-03
400    8.000000000000e+01    8.303737293840e-03    6.677720876723e-03
410    8.200000000000e+01    8.292875159597e-03    6.669718320154e-03
420    8.400000000000e+01    8.259843515115e-03    6.632895517214e-03
430    8.600000000000e+01    8.259541710283e-03    6.632740768509e-03
440    8.800000000000e+01    8.234791946720e-03    6.610276083848e-03
450    9.000000000000e+01    8.211633238733e-03    6.588210527298e-03
460    9.200000000000e+01    8.212595308129e-03    6.591969391593e-03
470    9.400000000000e+01    8.178084287613e-03    6.558131749443e-03
480    9.600000000000e+01    8.165978661516e-03    6.546814572175e-03
490    9.800000000000e+01    8.170512844541e-03    6.552061469847e-03
500    1.000000000000e+02    8.130719206499e-03    6.513210782941e-03
510    1.020000000000e+02    8.130466769372e-03    6.508665280307e-03
520    1.040000000000e+02    8.118524262184e-03    6.495631684629e-03
530    1.060000000000e+02    8.093585092503e-03    6.470220077972e-03
540    1.080000000000e+02    8.101158804230e-03    6.475078126641e-03
550    1.100000000000e+02    8.076496515654e-03    6.446129820688e-03
560    1.120000000000e+02    8.061964611212e-03    6.432605274313e-03
570    1.140000000000e+02    8.067765435580e-03    6.435959726332e-03
580    1.160000000000e+02    8.032944449698e-03    6.402698112652e-03
590    1.180000000000e+02    8.031989579605e-03    6.395560496458e-03
600    1.200000000000e+02    8.027643126730e-03    6.392167316335e-03
610    1.220000000000e+02    7.993104177850e-03    6.359952572893e-03
620    1.240000000000e+02    8.002707386773e-03    6.357424958878e-03
630    1.260000000000e+02    7.989570565371e-03    6.338473922369e-03
640    1.280000000000e+02    7.970831406064e-03    6.321794524411e-03
650    1.300000000000e+02    7.981525523095e-03    6.328080592539e-03
660    1.320000000000e+02    7.953463419093e-03    6.295212429904e-03
670    1.340000000000e+02    7.941939826098e-03    6.287172936936e-03
680    1.360000000000e+02    7.951174684641e-03    6.294075757978e-03
690    1.380000000000e+02    7.914118038136e-03    6.253370186641e-03
700    1.400000000000e+02    7.911506134473e-03    6.255317306568e-03
710    1.420000000000e+02    7.909060571098e-03    6.243412432923e-03
720    1.440000000000e+02    7.885682463189e-03    6.211153305230e-03
730    1.460000000000e+02    7.890909781191e-03    6.224622883565e-03
740    1.480000000000e+02    7.874313850383e-03    6.200253468705e-03
750    1.500000000000e+02    7.861722287380e-03    6.182801917021e-03
760    1.520000000000e+02    7.867203877124e-03    6.196570675456e-03
770    1.540000000000e+02    7.836859348515e-03    6.163794471831e-03
780    1.560000000000e+02    7.834230208404e-03    6.155733437481e-03
790    1.580000000000e+02    7.835833361653e-03    6.164329849526e-03
800    1.600000000000e+02    7.800705832579e-03    6.128645258286e-03
810    1.620000000000e+02    7.810536025337e-03    6.125524645540e-03
820    1.640000000000e+02    7.798815656957e-03    6.114267136581e-03
830    1.660000000000e+02    7.777215127528e-03    6.097112125644e-03
840    1.680000000000e+02    7.789495593491e-03    6.104119719566e-03
850    1.700000000000e+02    7.764027973648e-03    6.076903051508e-03
860    1.720000000000e+02    7.751966027168e-03    6.067741907827e-03
870    1.740000000000e+02    7.756964864885e-03    6.073611175452e-03
880    1.760000000000e+02    7.724684717881e-03    6.038352501491e-03
890    1.780000000000e+02    7.723321459637e-03    6.037906307938e-03
900    1.800000000000e+02    7.722809232322e-03    6.030017486410e-03
910    1.820000000000e+02    7.697696874534e-03    6.003047416016e-03
920    1.840000000000e+02    7.702941188630e-03    6.011366190251e-03
930    1.860000000000e+02    7.689754385122e-03    5.988965047436e-03
940    1.880000000000e+02    7.674042584435e-03    5.975383284749e-03
950    1.900000000000e+02    7.675686375604e-03    5.985092074297e-03
960    1.920000000000e+02    7.649977919185e-03    5.954021580692e-03
970    1.940000000000e+02    7.643606261801e-03    5.948476531557e-03
980    1.960000000000e+02    7.647127713238e-03    5.958382605058e-03
990    1.980000000000e+02    7.615917208036e-03    5.925729697083e-03
1000    2.000000000000e+02    7.617716887147e-03    5.927194596552e-03
1010    2.020000000000e+02    7.612162693034e-03    5.917122882238e-03
1020    2.040000000000e+02    7.589933288633e-03    5.898516908928e-03
1030    2.060000000000e+02    7.597941425102e-03    5.907304219363e-03
1040    2.080000000000e+02    7.580795477708e-03    5.883837160582e-03
1050    2.100000000000e+02    7.569826850208e-03    5.875801039110e-03
1060    2.120000000000e+02    7.575373463504e-03    5.888768218028e-03
1070    2.140000000000e+02    7.550561442755e-03    5.862079075996e-03
1080    2.160000000000e+02    7.551194386083e-03    5.861909590749e-03
1090    2.180000000000e+02    7.547815220006e-03    5.867276563549e-03
1100    2.200000000000e+02    7.522861057063e-03    5.839688837113e-03
1110    2.220000000000e+02    7.530075285990e-03    5.842266091349e-03
1120    2.240000000000e+02    7.515303632039e-03    5.833134876411e-03
1130    2.260000000000e+02    7.504488993452e-03    5.818770067890e-03
1140    2.280000000000e+02    7.514489944605e-03    5.827195446727e-03
1150    2.300000000000e+02    7.490849318927e-03    5.809085756482e-03
1160    2.320000000000e+02    7.486765609294e-03    5.806222025058e-03
1170    2.340000000000e+02    7.498325640170e-03    5.814353238748e-03
1180    2.360000000000e+02    7.468451994544e-03    5.786459264527e-03
1190    2.380000000000e+02    7.465959502205e-03    5.792901321001e-03
1200    2.400000000000e+02    7.466208123533e-03    5.783452905234e-03
1210    2.420000000000e+02    7.446096662319e-03    5.760406279478e-03
1220    2.440000000000e+02    7.452963111152e-03    5.776191051154e-03
1230    2.460000000000e+02    7.439522236927e-03    5.757249053204e-03
1240    2.480000000000e+02    7.434398001362e-03    5.746549300966e-03
1250    2.500000000000e+02    7.446273807587e-03    5.761406975580e-03
1260    2.520000000000e+02    7.420268008878e-03    5.737657152167e-03
1270    2.540000000000e+02    7.425020994314e-03    5.737390082686e-03
1280    2.560000000000e+02    7.435958466482e-03    5.746362605350e-03
1290    2.580000000000e+02    7.406946681794e-03    5.718405167499e-03
1300    2.600000000000e+02    7.417061846520e-03    5.725399718358e-03
1310    2.620000000000e+02    7.409597927402e-03    5.718230502680e-03
1320    2.640000000000e+02    7.391803520003e-03    5.703721391001e-03
1330    2.660000000000e+02    7.409360657051e-03    5.715179589060e-03
1340    2.680000000000e+02    7.392784373417e-03    5.688695744539e-03
1350    2.700000000000e+02    7.385740983400e-03    5.686313932529e-03
1360    2.720000000000e+02    7.403049410266e-03    5.701696316464e-03
1370    2.740000000000e+02    7.381656235048e-03    5.666833514624e-03
1380    2.760000000000e+02    7.389086538779e-03    5.669762774232e-03
1390    2.780000000000e+02    7.386836459599e-03    5.677300670868e-03
1400    2.800000000000e+02    7.361024858048e-03    5.650576562402e-03
1410    2.820000000000e+02    7.378028708397e-03    5.656745354827e-03
1420    2.840000000000e+02    7.361539646511e-03    5.643392829370e-03
1430    2.860000000000e+02    7.348979633975e-03    5.630909988213e-03
1440    2.880000000000e+02    7.366039660217e-03    5.643249156492e-03
1450    2.900000000000e+02    7.341914665997e-03    5.614962155960e-03
1460    2.920000000000e+02    7.346930347970e-03    5.613193308818e-03
1470    2.940000000000e+02    7.369280408416e-03    5.629448583932e-03
1480    2.960000000000e+02    7.337970227420e-03    5.597868673249e-03
1490    2.980000000000e+02    7.350240798033e-03    5.606206582343e-03
1500    3.000000000000e+02    7.348484268744e-03    5.601318170193e-03
1510    3.020000000000e+02    7.328273974195e-03    5.581716405686e-03
1520    3.040000000000e+02    7.344657052366e-03    5.596637764029e-03
1530    3.060000000000e+02    7.323193150030e-03    5.575614195550e-03
1540    3.080000000000e+02    7.320080886584e-03    5.566127281782e-03
1550    3.100000000000e+02    7.337480268835e-03    5.579350689914e-03
1560    3.120000000000e+02    7.312263970584e-03    5.552788220484e-03
1570    3.140000000000e+02    7.323179027772e-03    5.556031234846e-03
1580    3.160000000000e+02    7.331287265042e-03    5.559829194681e-03
1590    3.180000000000e+02    7.309341510324e-03    5.533330844628e-03
1600    3.200000000000e+02    7.321110579785e-03    5.543928075895e-03
1610    3.220000000000e+02    7.311041948526e-03    5.533670895602e-03
1620    3.240000000000e+02    7.300704410755e-03    5.520891289052e-03
1630    3.260000000000e+02    7.311752875005e-03    5.535132883779e-03
1640    3.280000000000e+02    7.290548180638e-03    5.513945969142e-03
1650    3.300000000000e+02    7.293468989312e-03    5.507607833351e-03
1660    3.320000000000e+02    7.305608444980e-03    5.522298770302e-03
1670    3.340000000000e+02    7.278226018098e-03    5.494993307366e-03
1680    3.360000000000e+02    7.288185454279e-03    5.494722784533e-03
1690    3.380000000000e+02    7.284670588852e-03    5.498041390638e-03
1700    3.400000000000e+02    7.265582131951e-03    5.479861292770e-03
1710    3.420000000000e+02    7.284710915651e-03    5.487072195137e-03
1720    3.440000000000e+02    7.268455120731e-03    5.475783454131e-03
1730    3.460000000000e+02    7.255109952769e-03    5.470169161526e-03
1740    3.480000000000e+02    7.271523256668e-03    5.477872721713e-03
1750    3.500000000000e+02    7.245389011253e-03    5.451533942505e-03
1760    3.520000000000e+02    7.240692927847e-03    5.456280679027e-03
1770    3.540000000000e+02    7.249397296292e-03    5.462985405757e-03
1780    3.560000000000e+02    7.223491816954e-03    5.434540093120e-03
1790    3.580000000000e+02    7.229806949991e-03    5.446825888612e-03
1800    3.600000000000e+02    7.223386113408e-03    5.438875532491e-03
1810    3.620000000000e+02    7.212823242653e-03    5.424004180895e-03
1820    3.640000000000e+02    7.221319443202e-03    5.439423325697e-03
1830    3.660000000000e+02    7.197858513752e-03    5.419054138656e-03
1840    3.680000000000e+02    7.193211840237e-03    5.411296893726e-03
1850    3.700000000000e+02    7.199807962703e-03    5.423581123068e-03
1860    3.720000000000e+02    7.169724477659e-03    5.400392013144e-03
1870    3.740000000000e+02    7.175148819116e-03    5.402543392847e-03
1880    3.760000000000e+02    7.177188301794e-03    5.403760447734e-03
1890    3.780000000000e+02    7.152695114740e-03    5.384940988733e-03
1900    3.800000000000e+02    7.159952152894e-03    5.396258529800e-03
1910    3.820000000000e+02    7.147651490319e-03    5.382509006267e-03
1920    3.840000000000e+02    7.133418882575e-03    5.373219885769e-03
1930    3.860000000000e+02    7.139741378670e-03    5.387193371462e-03
1940    3.880000000000e+02    7.116427929748e-03    5.363180289351e-03
1950    3.900000000000e+02    7.114869964468e-03    5.361482336411e-03
1960    3.920000000000e+02    7.126059507796e-03    5.375736785027e-03
1970    3.940000000000e+02    7.097028466328e-03    5.349116780053e-03
1980    3.960000000000e+02    7.103761366749e-03    5.357077276130e-03
1990    3.980000000000e+02    7.100262578000e-03    5.353931210266e-03
2000    4.000000000000e+02    7.081925063336e-03    5.338420876797e-03
2010    4.020000000000e+02    7.089925665400e-03    5.355456848520e-03
2020    4.040000000000e+02    7.070481120712e-03    5.336881850781e-03
2030    4.060000000000e+02    7.064042470167e-03    5.326285854608e-03
2040    4.080000000000e+02    7.070987196751e-03    5.341255672647e-03
2050    4.100000000000e+02    7.042555151650e-03    5.316546377799e-03
2060    4.120000000000e+02    7.047923785570e-03    5.315096600498e-03
2070    4.140000000000e+02    7.048172806704e-03    5.322594083736e-03
2080    4.160000000000e+02    7.019583659546e-03    5.299005051711e-03
2090    4.180000000000e+02    7.032950133680e-03    5.304132421770e-03
2100    4.200000000000e+02    7.021643369520e-03    5.295528038005e-03
2110    4.220000000000e+02    7.006646481680e-03    5.286591742333e-03
2120    4.240000000000e+02    7.019538163005e-03    5.300961161993e-03
2130    4.260000000000e+02    6.999656765972e-03    5.277410963572e-03
2140    4.280000000000e+02    6.995488932914e-03    5.278204609567e-03
2150    4.300000000000e+02    7.005213998696e-03    5.297324880303e-03
2160    4.320000000000e+02    6.981796312117e-03    5.267972665933e-03
2170    4.340000000000e+02    6.993643247109e-03    5.272611044347e-03
2180    4.360000000000e+02    6.989992288726e-03    5.281096315230e-03
2190    4.380000000000e+02    6.977247562957e-03    5.264040747534e-03
2200    4.400000000000e+02    7.000564096449e-03    5.275992571114e-03
2210    4.420000000000e+02    6.987849499142e-03    5.269647937894e-03
2220    4.440000000000e+02    6.983263547674e-03    5.267975602692e-03
2230    4.460000000000e+02    7.003934062133e-03    5.280228043375e-03
2240    4.480000000000e+02    6.985966419199e-03    5.259788427793e-03
2250    4.500000000000e+02    6.988715772925e-03    5.268551225527e-03
2260    4.520000000000e+02    7.001854934746e-03    5.281451321025e-03
2270    4.540000000000e+02    6.984571783757e-03    5.255775192381e-03
2280    4.560000000000e+02    6.996935531379e-03    5.268801388411e-03
2290    4.580000000000e+02    6.994141295027e-03    5.268119170978e-03
2300    4.600000000000e+02    6.989130027882e-03    5.254526889075e-03
2310    4.620000000000e+02    7.009306311637e-03    5.271502098367e-03
2320    4.640000000000e+02    6.994178709755e-03    5.256941738480e-03
2330    4.660000000000e+02    7.001256612261e-03    5.253416276901e-03
2340    4.680000000000e+02    7.022809559483e-03    5.270907645354e-03
2350    4.700000000000e+02    6.999563989075e-03    5.250886265458e-03
2360    4.720000000000e+02    7.013670424656e-03    5.257469312710e-03
2370    4.740000000000e+02    7.021177171094e-03    5.262464537736e-03
2380    4.760000000000e+02    6.997013953363e-03    5.244986477010e-03
2390    4.780000000000e+02    7.015435585135e-03    5.257002070721e-03
2400    4.800000000000e+02    7.007425166146e-03    5.242713428743e-03
2410    4.820000000000e+02    6.998473181842e-03    5.236582793259e-03
2420    4.840000000000e+02    7.019669221914e-03    5.254394488475e-03
2430    4.860000000000e+02    7.003892372500e-03    5.226733345808e-03
2440    4.880000000000e+02    7.007702329710e-03    5.229606057583e-03
2450    4.900000000000e+02    7.026745423449e-03    5.246719795650e-03
2460    4.920000000000e+02    6.995353694707e-03    5.211666510149e-03
2470    4.940000000000e+02    7.001851897933e-03    5.219526444307e-03
2480    4.960000000000e+02    6.998547818700e-03    5.214455964961e-03
2490    4.980000000000e+02    6.978921315642e-03    5.193153026084e-03
2500    5.000000000000e+02    6.996096858421e-03    5.209537401242e-03
2510    5.020000000000e+02    6.979927828140e-03    5.189631084249e-03
2520    5.040000000000e+02    6.977139094003e-03    5.183424876122e-03
2530    5.060000000000e+02    6.995461215621e-03    5.202793251556e-03
2540    5.080000000000e+02    6.972328227367e-03    5.178307711503e-03
2550    5.100000000000e+02    6.982547784406e-03    5.183863625462e-03
2560    5.120000000000e+02    6.989296260557e-03    5.194336651584e-03
2570    5.140000000000e+02    6.964254055656e-03    5.169583830138e-03
2580    5.160000000000e+02    6.977305776811e-03    5.178316919228e-03
2590    5.180000000000e+02    6.967965436262e-03    5.168872784452e-03
2600    5.200000000000e+02    6.956433600109e-03    5.157016495104e-03
2610    5.220000000000e+02    6.971198356392e-03    5.171163623345e-03
2620    5.240000000000e+02    6.951836020594e-03    5.150349106771e-03
2630    5.260000000000e+02    6.953110228157e-03    5.147532660885e-03
2640    5.280000000000e+02    6.967202862165e-03    5.163242200979e-03
2650    5.300000000000e+02    6.939740316294e-03    5.140685982042e-03
2660    5.320000000000e+02    6.948855729861e-03    5.148982255378e-03
2670    5.340000000000e+02    6.952421374902e-03    5.148897508661e-03
2680    5.360000000000e+02    6.935300377661e-03    5.135464904015e-03
2690    5.380000000000e+02    6.950452566880e-03    5.151330006811e-03
2700    5.400000000000e+02    6.938066346471e-03    5.139227392647e-03
2710    5.420000000000e+02    6.936151696178e-03    5.134295864991e-03
2720    5.440000000000e+02    6.953039250316e-03    5.148818618181e-03
2730    5.460000000000e+02    6.933382833782e-03    5.135238796356e-03
2740    5.480000000000e+02    6.943508683431e-03    5.141860116055e-03
2750    5.500000000000e+02    6.958763686046e-03    5.153708801117e-03
2760    5.520000000000e+02    6.931040885006e-03    5.137708113580e-03
2770    5.540000000000e+02    6.939144674591e-03    5.149274766154e-03
2780    5.560000000000e+02    6.935678327365e-03    5.143192848664e-03
2790    5.580000000000e+02    6.923570938219e-03    5.132394993780e-03
2800    5.600000000000e+02    6.938773085510e-03    5.149766760042e-03
2810    5.620000000000e+02    6.922908841964e-03    5.133699850376e-03
2820    5.640000000000e+02    6.924784735057e-03    5.129666763423e-03
2830    5.660000000000e+02    6.937906751576e-03    5.149345284735e-03
2840    5.680000000000e+02    6.909883206302e-03    5.129049020070e-03
2850    5.700000000000e+02    6.917609649693e-03    5.133493780704e-03
2860    5.720000000000e+02    6.918517691105e-03    5.137585547345e-03
2870    5.740000000000e+02    6.893158030657e-03    5.116876708598e-03
2880    5.760000000000e+02    6.905122408360e-03    5.128938847520e-03
2890    5.780000000000e+02    6.895473720134e-03    5.116168964378e-03
2900    5.800000000000e+02    6.887028853135e-03    5.106635627271e-03
2910    5.820000000000e+02    6.901145754551e-03    5.125845867042e-03
2920    5.840000000000e+02    6.878546095075e-03    5.103509245600e-03
2930    5.860000000000e+02    6.878872028041e-03    5.105713294142e-03
2940    5.880000000000e+02    6.895282123680e-03    5.125982465870e-03
2950    5.900000000000e+02    6.864603553371e-03    5.095460374832e-03
2960    5.920000000000e+02    6.875224529455e-03    5.107081778988e-03
2970    5.940000000000e+02    6.875090269340e-03    5.105173816446e-03
2980    5.960000000000e+02    6.859214038365e-03    5.091416521282e-03
2990    5.980000000000e+02    6.878837443898e-03    5.111499165650e-03
3000    6.000000000000e+02    6.863552940657e-03    5.094194216326e-03
3010    6.020000000000e+02    6.858238178236e-03    5.092917767797e-03
3020    6.040000000000e+02    6.873990338925e-03    5.110879488711e-03
3030    6.060000000000e+02    6.849764908121e-03    5.086659798508e-03
3040    6.080000000000e+02    6.856026543019e-03    5.094063987599e-03
3050    6.100000000000e+02    6.864161453648e-03    5.103156900987e-03
3060    6.120000000000e+02    6.839782840567e-03    5.080874991108e-03
3070    6.140000000000e+02    6.854060877973e-03    5.092864033031e-03
3080    6.160000000000e+02    6.847737633627e-03    5.086358395602e-03
3090    6.180000000000e+02    6.837176661029e-03    5.078442711238e-03
3100    6.200000000000e+02    6.853750424186e-03    5.092721374240e-03
3110    6.220000000000e+02    6.832743131783e-03    5.071318603768e-03
3120    6.240000000000e+02    6.829066156419e-03    5.069476414064e-03
3130    6.260000000000e+02    6.841801441959e-03    5.082075820610e-03
3140    6.280000000000e+02    6.813340138646e-03    5.053199182839e-03
3150    6.300000000000e+02    6.816816142025e-03    5.059565271949e-03
3160    6.320000000000e+02    6.814175635120e-03    5.058609866865e-03
3170    6.340000000000e+02    6.794858058016e-03    5.037853231443e-03
3180    6.360000000000e+02    6.805820212361e-03    5.050262014265e-03
3190    6.380000000000e+02    6.789224375924e-03    5.036615070821e-03
3200    6.400000000000e+02    6.783340227314e-03    5.027335298109e-03
3210    6.420000000000e+02    6.795603484710e-03    5.039260115154e-03
3220    6.440000000000e+02    6.770280182136e-03    5.018963405746e-03
3230    6.460000000000e+02    6.772211814655e-03    5.022774836107e-03
3240    6.480000000000e+02    6.782854379542e-03    5.032352826674e-03
3250    6.500000000000e+02    6.758414314472e-03    5.009377717215e-03
3260    6.520000000000e+02    6.769052215104e-03    5.021262306400e-03
3270    6.540000000000e+02    6.766532503131e-03    5.018222671424e-03
3280    6.560000000000e+02    6.757688477969e-03    5.006596271414e-03
3290    6.580000000000e+02    6.773043896365e-03    5.024332375797e-03
3300    6.600000000000e+02    6.754243429554e-03    5.010575090637e-03
3310    6.620000000000e+02    6.754759257641e-03    5.009623689148e-03
3320    6.640000000000e+02    6.771518570136e-03    5.026512074437e-03
3330    6.660000000000e+02    6.748991310494e-03    5.007589134038e-03
3340    6.680000000000e+02    6.758092284154e-03    5.017757256610e-03
3350    6.700000000000e+02    6.764973697727e-03    5.024604623941e-03
3360    6.720000000000e+02    6.747569276473e-03    5.008539475966e-03
3370    6.740000000000e+02    6.762531387004e-03    5.024206439884e-03
3380    6.760000000000e+02    6.757954263600e-03    5.014668528020e-03
3390    6.780000000000e+02    6.753060936225e-03    5.009361155317e-03
3400    6.800000000000e+02    6.768036058540e-03    5.026434563661e-03
3410    6.820000000000e+02    6.750420339640e-03    5.007655679037e-03
3420    6.840000000000e+02    6.754078936973e-03    5.010045820200e-03
3430    6.860000000000e+02    6.767491467795e-03    5.028135840803e-03
3440    6.880000000000e+02    6.740278724159e-03    5.004188687963e-03
3450    6.900000000000e+02    6.750711622036e-03    5.011405698497e-03
3460    6.920000000000e+02    6.749391174513e-03    5.011467525947e-03
3470    6.940000000000e+02    6.736367980586e-03    4.999785877772e-03
3480    6.960000000000e+02    6.758319942302e-03    5.015211704631e-03
3490    6.980000000000e+02    6.746207661998e-03    5.002903036257e-03
3500    7.000000000000e+02    6.746818114198e-03    5.003236566154e-03
3510    7.020000000000e+02    6.767390939850e-03    5.022528487643e-03
3520    7.040000000000e+02    6.746231440567e-03    5.006106655856e-03
3530    7.060000000000e+02    6.756570699883e-03    5.017435493755e-03
3540    7.080000000000e+02    6.768584294018e-03    5.030608454945e-03
3550    7.100000000000e+02    6.749120968815e-03    5.011794972233e-03
3560    7.120000000000e+02    6.769666501060e-03    5.026963634009e-03
3570    7.140000000000e+02    6.768678183261e-03    5.022164647926e-03
3580    7.160000000000e+02    6.763429545926e-03    5.016741034524e-03
3590    7.180000000000e+02    6.784879103593e-03    5.036737738919e-03
3600    7.200000000000e+02    6.767602392701e-03    5.018304348596e-03
3610    7.220000000000e+02    6.769323616530e-03    5.021522292736e-03
3620    7.240000000000e+02    6.787298895960e-03    5.041640228228e-03
3630    7.260000000000e+02    6.763195456895e-03    5.014899521484e-03
3640    7.280000000000e+02    6.776094950349e-03    5.023574321967e-03
3650    7.300000000000e+02    6.780189033088e-03    5.026850033573e-03
3660    7.320000000000e+02    6.764401951260e-03    5.008412107600e-03
3670    7.340000000000e+02    6.784425679302e-03    5.025654738347e-03
3680    7.360000000000e+02    6.773003550099e-03    5.014535429837e-03
3690    7.380000000000e+02    6.770381771108e-03    5.009352494199e-03
3700    7.400000000000e+02    6.792259251949e-03    5.030373478803e-03
3710    7.420000000000e+02    6.773509651109e-03    5.011478868255e-03
3720    7.440000000000e+02    6.785048932226e-03    5.017936447075e-03
3730    7.460000000000e+02    6.802187192952e-03    5.034898324084e-03
3740    7.480000000000e+02    6.776557422112e-03    5.010802946344e-03
3750    7.500000000000e+02    6.791729840513e-03    5.023034796068e-03
3760    7.520000000000e+02    6.790408447484e-03    5.021425800805e-03
3770    7.540000000000e+02    6.781435301465e-03    5.010361368477e-03
3780    7.560000000000e+02    6.807337252645e-03    5.030155907662e-03
3790    7.580000000000e+02    6.794817245202e-03    5.015604176151e-03
3800    7.600000000000e+02    6.798330113190e-03    5.018426447350e-03
3810    7.620000000000e+02    6.822754366297e-03    5.036896353886e-03
3820    7.640000000000e+02    6.800795103285e-03    5.013847520786e-03
3830    7.660000000000e+02    6.808852489757e-03    5.025205552556e-03
3840    7.680000000000e+02    6.814589090891e-03    5.028621578276e-03
3850    7.700000000000e+02    6.793155303649e-03    5.008913893107e-03
3860    7.720000000000e+02    6.806989143881e-03    5.025415772252e-03
3870    7.740000000000e+02    6.800075293867e-03    5.013902873543e-03
3880    7.760000000000e+02    6.797326690386e-03    5.009345062717e-03
3890    7.780000000000e+02    6.818213901249e-03    5.027253046137e-03
3900    7.800000000000e+02    6.803509519988e-03    5.007950135223e-03
3910    7.820000000000e+02    6.809094978226e-03    5.013775283260e-03
3920    7.840000000000e+02    6.826642963456e-03    5.032658113123e-03
3930    7.860000000000e+02    6.801068548610e-03    5.008797745177e-03
3940    7.880000000000e+02    6.814005637431e-03    5.020484575653e-03
3950    7.900000000000e+02    6.815625478206e-03    5.020892498578e-03
3960    7.920000000000e+02    6.802458927203e-03    5.008499577343e-03
3970    7.940000000000e+02    6.821526683934e-03    5.027404282373e-03
3980    7.960000000000e+02    6.806492631129e-03    5.013357707867e-03
3990    7.980000000000e+02    6.802591380770e-03    5.010923106965e-03
4000    8.000000000000e+02    6.821437894323e-03    5.029321645452e-03
4010    8.020000000000e+02    6.801186214879e-03    5.008089765397e-03
4020    8.040000000000e+02    6.811561056960e-03    5.016368053475e-03
4030    8.060000000000e+02    6.825682592004e-03    5.028088628023e-03
4040    8.080000000000e+02    6.804877641172e-03    5.006760139622e-03
4050    8.100000000000e+02    6.817539702343e-03    5.023520101531e-03
4060    8.120000000000e+02    6.810272920975e-03    5.018854446462e-03
4070    8.140000000000e+02    6.801853615393e-03    5.009521214561e-03
4080    8.160000000000e+02    6.817423780056e-03    5.029314690546e-03
4090    8.180000000000e+02    6.798318847485e-03    5.011001454477e-03
4100    8.200000000000e+02    6.802940210351e-03    5.012804250327e-03
4110    8.220000000000e+02    6.823203225879e-03    5.031713460994e-03
4120    8.240000000001e+02    6.801567113444e-03    5.007301274418e-03
4130    8.260000000001e+02    6.813012685982e-03    5.020657643399e-03
4140    8.280000000001e+02    6.816574954995e-03    5.024740391491e-03
4150    8.300000000001e+02    6.799810734023e-03    5.008405529225e-03
4160    8.320000000001e+02    6.813973605927e-03    5.028554062847e-03
4170    8.340000000001e+02    6.798754589486e-03    5.018000308155e-03
4180    8.360000000001e+02    6.793710696011e-03    5.011933138121e-03
4190    8.380000000001e+02    6.810183505496e-03    5.030622253798e-03
4200    8.400000000001e+02    6.787417911782e-03    5.010659379877e-03
4210    8.420000000001e+02    6.795622282098e-03    5.015751105930e-03
4220    8.440000000001e+02    6.809562938610e-03    5.031111624703e-03
4230    8.460000000001e+02    6.783081533001e-03    5.006021395275e-03
4240    8.480000000001e+02    6.793377004763e-03    5.017372190196e-03
4250    8.500000000001e+02    6.785663660634e-03    5.013375819544e-03
4260    8.520000000001e+02    6.771479718194e-03    4.999243556085e-03
4270    8.540000000001e+02    6.786119102693e-03    5.015638998884e-03
4280    8.560000000001e+02    6.766258975285e-03    4.997496725082e-03
4290    8.580000000001e+02    6.763872079428e-03    4.993867607482e-03
4300    8.600000000001e+02    6.777886535352e-03    5.009075383896e-03
4310    8.620000000001e+02    6.751660565463e-03    4.985816795852e-03
4320    8.640000000001e+02    6.756357187488e-03    4.991616415282e-03
4330    8.660000000001e+02    6.757203366478e-03    4.995018964109e-03
4340    8.680000000001e+02    6.734381258548e-03    4.976602451279e-03
4350    8.700000000001e+02    6.745965604822e-03    4.989939372535e-03
4360    8.720000000001e+02    6.738619309954e-03    4.980800000340e-03
4370    8.740000000001e+02    6.734228711235e-03    4.976976461876e-03
4380    8.760000000001e+02    6.751872668867e-03    4.993546816877e-03
4390    8.780000000001e+02    6.733926883104e-03    4.976325579264e-03
4400    8.800000000001e+02    6.735739774727e-03    4.980037597306e-03
4410    8.820000000001e+02    6.748706206802e-03    4.995715333280e-03
4420    8.840000000001e+02    6.721872875487e-03    4.970888478965e-03
4430    8.860000000001e+02    6.728800686613e-03    4.981052356925e-03
4440    8.880000000001e+02    6.727125396974e-03    4.980247769709e-03
4450    8.900000000001e+02    6.714057936577e-03    4.967780051629e-03
4460    8.920000000001e+02    6.729499187375e-03    4.985411641428e-03
4470    8.940000000001e+02    6.714679272390e-03    4.970218245035e-03
4480    8.960000000001e+02    6.708922224282e-03    4.966583608621e-03
4490    8.980000000001e+02    6.718815300407e-03    4.980670777513e-03
4500    9.000000000001e+02    6.693665253135e-03    4.957802781973e-03
4510    9.020000000001e+02    6.696988156700e-03    4.961891428138e-03
4520    9.040000000001e+02    6.702660946453e-03    4.966958789737e-03
4530    9.060000000001e+02    6.682341843255e-03    4.944857186274e-03
4540    9.080000000001e+02    6.692098374468e-03    4.958050762070e-03
4550    9.100000000001e+02    6.686846452581e-03    4.952631938977e-03
4560    9.120000000001e+02    6.679990352004e-03    4.944245351908e-03
4570    9.140000000001e+02    6.693249611008e-03    4.961050248312e-03
4580    9.160000000001e+02    6.675174060219e-03    4.946747252689e-03
4590    9.180000000001e+02    6.675276490598e-03    4.947874892423e-03
4600    9.200000000001e+02    6.691617553623e-03    4.963493168361e-03
4610    9.220000000001e+02    6.668891765334e-03    4.943041595652e-03
4620    9.240000000001e+02    6.676298875703e-03    4.953510725500e-03
4630    9.260000000001e+02    6.681673523655e-03    4.958010953487e-03
4640    9.280000000001e+02    6.670196559419e-03    4.943086843014e-03
4650    9.300000000001e+02    6.687274055981e-03    4.961252091562e-03
4660    9.320000000001e+02    6.679442945171e-03    4.953421941536e-03
4670    9.340000000001e+02    6.678050147607e-03    4.951309877470e-03
4680    9.360000000001e+02    6.695362536278e-03    4.968429255314e-03
4690    9.380000000001e+02    6.677392287437e-03    4.952743883223e-03
4700    9.400000000001e+02    6.684459832590e-03    4.962164431163e-03
4710    9.420000000001e+02    6.701052204033e-03    4.974918143489e-03
4720    9.440000000001e+02    6.682604778759e-03    4.955679751220e-03
4730    9.460000000001e+02    6.696687146093e-03    4.968918883606e-03
4740    9.480000000001e+02    6.695339079066e-03    4.965094397448e-03
4750    9.500000000001e+02    6.685224100717e-03    4.955036556566e-03
4760    9.520000000001e+02    6.700889941169e-03    4.968969672518e-03
4770    9.540000000001e+02    6.683018418460e-03    4.952001152560e-03
4780    9.560000000001e+02    6.681153581811e-03    4.948575230628e-03
4790    9.580000000001e+02    6.696984165187e-03    4.961925346834e-03
4800    9.600000000001e+02    6.675320547459e-03    4.937960893585e-03
4810    9.620000000001e+02    6.684059786845e-03    4.944842477926e-03
4820    9.640000000001e+02    6.690704691829e-03    4.949587456395e-03
4830    9.660000000001e+02    6.675244836547e-03    4.930170895022e-03
4840    9.680000000001e+02    6.692991835595e-03    4.943139853822e-03
4850    9.700000000001e+02    6.686770031700e-03    4.934804019285e-03
4860    9.720000000001e+02    6.682356042360e-03    4.929065698889e-03
4870    9.740000000001e+02    6.700904676278e-03    4.945203602801e-03
4880    9.760000000001e+02    6.685017466917e-03    4.927575051624e-03
4890    9.780000000001e+02    6.692498273849e-03    4.933973666084e-03
4900    9.800000000001e+02    6.718150764983e-03    4.953752242727e-03
4910    9.820000000001e+02    6.702378115630e-03    4.931749645039e-03
4920    9.840000000001e+02    6.720905854074e-03    4.948250122652e-03
4930    9.860000000001e+02    6.730073115519e-03    4.954722725415e-03
4940    9.880000000001e+02    6.727538649666e-03    4.944775531840e-03
4950    9.900000000001e+02    6.753799404107e-03    4.967052202119e-03
4960    9.920000000001e+02    6.745355124937e-03    4.957500445926e-03
4970    9.940000000001e+02    6.749855310157e-03    4.956645847415e-03
4980    9.960000000001e+02    6.774380112670e-03    4.976311350219e-03
4990    9.980000000001e+02    6.759015553817e-03    4.958861546584e-03
5000    1.000000000000e+03    6.775802507522e-03    4.971345678314e-03
5010    1.002000000000e+03    6.795307997015e-03    4.983288356925e-03
5020    1.004000000000e+03    6.783571382027e-03    4.965396901753e-03
5030    1.006000000000e+03    6.806002458280e-03    4.982920889233e-03
5040    1.008000000000e+03    6.806481726370e-03    4.977359853910e-03
5050    1.010000000000e+03    6.803083555079e-03    4.971876688614e-03
5060    1.012000000000e+03    6.823555652441e-03    4.991647880161e-03
5070    1.014000000000e+03    6.808678556324e-03    4.971802098225e-03
5080    1.016000000000e+03    6.815524110615e-03    4.974024431249e-03
5090    1.018000000000e+03    6.839081042942e-03    4.995431370844e-03
5100    1.020000000000e+03    6.822392671700e-03    4.968752945388e-03
5110    1.022000000000e+03    6.842059446180e-03    4.981645506632e-03
5120    1.024000000000e+03    6.853028246882e-03    4.992797320483e-03
5130    1.026000000000e+03    6.843524846082e-03    4.977195295396e-03
5140    1.028000000000e+03    6.870731467812e-03    4.999034597859e-03
5150    1.030000000000e+03    6.863346646232e-03    4.992727945137e-03
5160    1.032000000000e+03    6.861548132724e-03    4.989262300114e-03
5170    1.034000000000e+03    6.889462083408e-03    5.009156229789e-03
5180    1.036000000000e+03    6.871105145097e-03    4.986311651919e-03
5190    1.038000000000e+03    6.879039516720e-03    4.995264279387e-03
5200    1.040000000000e+03    6.900887235383e-03    5.010027560274e-03
5210    1.042000000000e+03    6.877986807881e-03    4.983487649952e-03
5220    1.044000000000e+03    6.891881523704e-03    4.998605952096e-03
5230    1.046000000000e+03    6.888896962834e-03    4.994863698812e-03
5240    1.048000000000e+03    6.878253563390e-03    4.982558603842e-03
5250    1.050000000000e+03    6.899283305006e-03    4.999973689337e-03
5260    1.052000000000e+03    6.883792261481e-03    4.979862428627e-03
5270    1.054000000000e+03    6.887535159809e-03    4.978841379852e-03
5280    1.056000000000e+03    6.908748532136e-03    4.995454240998e-03
5290    1.058000000000e+03    6.887179825764e-03    4.972738344804e-03
5300    1.060000000000e+03    6.899279056576e-03    4.983031622942e-03
5310    1.062000000000e+03    6.905537458008e-03    4.989849328012e-03
5320    1.064000000000e+03    6.883713704150e-03    4.972692456249e-03
5330    1.066000000000e+03    6.899197102826e-03    4.988143168703e-03
5340    1.068000000000e+03    6.890643838490e-03    4.976603389878e-03
5350    1.070000000000e+03    6.883273678973e-03    4.968497359187e-03
5360    1.072000000000e+03    6.902210162825e-03    4.986427081349e-03
5370    1.074000000000e+03    6.884435361872e-03    4.964717170878e-03
5380    1.076000000000e+03    6.891640282705e-03    4.967639362803e-03
5390    1.078000000000e+03    6.913260826471e-03    4.991138856894e-03
5400    1.080000000000e+03    6.885618594656e-03    4.966041879015e-03
5410    1.082000000000e+03    6.899000139159e-03    4.980753008567e-03
5420    1.084000000000e+03    6.901338120310e-03    4.983472559616e-03
5430    1.086000000000e+03    6.889512872014e-03    4.970748153937e-03
5440    1.088000000000e+03    6.908625536547e-03    4.991998400328e-03
5450    1.090000000000e+03    6.895325756739e-03    4.978625465810e-03
5460    1.092000000000e+03    6.896407154271e-03    4.975664238373e-03
5470    1.094000000000e+03    6.914158341602e-03    4.994993379114e-03
5480    1.096000000000e+03    6.894663961655e-03    4.977281202628e-03
5490    1.098000000000e+03    6.904845881614e-03    4.987156979041e-03
5500    1.100000000000e+03    6.914609280309e-03    4.999266261621e-03
5510    1.102000000000e+03    6.895600701267e-03    4.982575424947e-03
5520    1.104000000000e+03    6.909352894875e-03    4.996292777832e-03
5530    1.106000000000e+03    6.901255721867e-03    4.992183900868e-03
5540    1.108000000000e+03    6.892437291766e-03    4.985864671653e-03
5550    1.110000000000e+03    6.907097412441e-03    5.001257278309e-03
5560    1.112000000000e+03    6.887517118957e-03    4.984949264326e-03
5570    1.114000000000e+03    6.888070630477e-03    4.989485710212e-03
5580    1.116000000000e+03    6.906001140062e-03    5.006218600101e-03
5590    1.118000000000e+03    6.884386513121e-03    4.985060252693e-03
5600    1.120000000000e+03    6.895044543857e-03    4.998520850677e-03
5610    1.122000000000e+03    6.900963118058e-03    5.001583396734e-03
5620    1.124000000000e+03    6.885330392301e-03    4.987935816644e-03
5630    1.126000000000e+03    6.900976249777e-03    5.007990474041e-03
5640    1.128000000000e+03    6.888966034679e-03    4.998863257242e-03
5650    1.130000000000e+03    6.884499149363e-03    4.996828767617e-03
5660    1.132000000000e+03    6.906199987046e-03    5.018530710004e-03
5670    1.134000000000e+03    6.887217474543e-03    5.002012250770e-03
5680    1.136000000000e+03    6.897396797925e-03    5.011487560296e-03
5690    1.138000000000e+03    6.917561486354e-03    5.030105277910e-03
5700    1.140000000000e+03    6.894784836155e-03    5.008427575376e-03
5710    1.142000000000e+03    6.909253731585e-03    5.023407197768e-03
5720    1.144000000000e+03    6.904882341560e-03    5.021511939049e-03
5730    1.146000000000e+03    6.887575960875e-03    5.009885157961e-03
5740    1.148000000000e+03    6.900909332300e-03    5.028441582908e-03
5750    1.150000000000e+03    6.880894489914e-03    5.008766640458e-03
5760    1.152000000000e+03    6.879354480330e-03    5.006989103094e-03
5770    1.154000000000e+03    6.899186654355e-03    5.025962464970e-03
5780    1.156000000000e+03    6.879179060295e-03    5.002295079066e-03
5790    1.158000000000e+03    6.891167897236e-03    5.013115644942e-03
5800    1.160000000000e+03    6.898655786331e-03    5.021001097703e-03
5810    1.162000000000e+03    6.878413726683e-03    5.003427205338e-03
5820    1.164000000000e+03    6.891297474025e-03    5.019809816076e-03
5830    1.166000000000e+03    6.877023872728e-03    5.012006491597e-03
5840    1.168000000000e+03    6.867994236250e-03    5.005483750210e-03
5850    1.170000000000e+03    6.885197892220e-03    5.021991394642e-03
5860    1.172000000000e+03    6.863237300514e-03    5.004421253034e-03
5870    1.174000000000e+03    6.869151401952e-03    5.009476637497e-03
5880    1.176000000000e+03    6.891642482965e-03    5.027454362789e-03
5890    1.178000000000e+03    6.867430181617e-03    5.001797031582e-03
5900    1.180000000000e+03    6.880307180094e-03    5.014976797611e-03
5910    1.182000000000e+03    6.881238492281e-03    5.014499835852e-03
5920    1.184000000000e+03    6.865462575939e-03    5.000506405850e-03
5930    1.186000000000e+03    6.878508462751e-03    5.020345278353e-03
5940    1.188000000000e+03    6.857228663180e-03    5.003527141525e-03
5950    1.190000000000e+03    6.848365715870e-03    4.999597559618e-03
5960    1.192000000000e+03    6.861808417145e-03    5.014510858928e-03
5970    1.194000000000e+03    6.837319398958e-03    4.989886680050e-03
5980    1.196000000000e+03    6.844757231267e-03    4.996412953915e-03
5990    1.198000000000e+03    6.853020841513e-03    5.004481411561e-03
6000    1.200000000000e+03    6.832751832871e-03    4.981645721273e-03
6010    1.202000000000e+03    6.846483263744e-03    4.995195975425e-03
6020    1.204000000000e+03    6.838279766876e-03    4.992176653104e-03
6030    1.206000000000e+03    6.830781956196e-03    4.982999435924e-03
6040    1.208000000000e+03    6.847744846676e-03    5.000799686968e-03
6050    1.210000000000e+03    6.828153675741e-03    4.986406279386e-03
6060    1.212000000000e+03    6.828632258561e-03    4.987661562154e-03
6070    1.214000000000e+03    6.846677031590e-03    5.006471121305e-03
6080    1.216000000000e+03    6.821921180023e-03    4.984427857380e-03
6090    1.218000000000e+03    6.829947022880e-03    4.996017695703e-03
6100    1.220000000000e+03    6.834177053085e-03    4.999717151804e-03
6110    1.222000000000e+03    6.820292039612e-03    4.983428600099e-03
6120    1.224000000000e+03    6.835576497800e-03    5.000397586628e-03
6130    1.226000000000e+03    6.825310190757e-03    4.988714865249e-03
6140    1.228000000000e+03    6.820684578027e-03    4.985751666936e-03
6150    1.230000000000e+03    6.836364160276e-03    4.999974445127e-03
6160    1.232000000000e+03    6.816895535951e-03    4.980037437235e-03
6170    1.234000000000e+03    6.819135479224e-03    4.988357686670e-03
6180    1.236000000000e+03    6.827745319997e-03    4.999039361792e-03
6190    1.238000000000e+03    6.804505525251e-03    4.976490561603e-03
6200    1.240000000000e+03    6.812911542094e-03    4.987470721971e-03
6210    1.242000000000e+03    6.806088232357e-03    4.984743820387e-03
6220    1.244000000000e+03    6.796757871780e-03    4.974241778655e-03
6230    1.246000000000e+03    6.813040140842e-03    4.990090614228e-03
6240    1.248000000000e+03    6.798105966373e-03    4.975815805665e-03
6250    1.250000000000e+03    6.798213855062e-03    4.976773400813e-03
6260    1.252000000000e+03    6.816325166128e-03    4.995079480068e-03
6270    1.254000000000e+03    6.797484746480e-03    4.974935328391e-03
6280    1.256000000000e+03    6.806572578038e-03    4.987267251636e-03
6290    1.258000000000e+03    6.815143317862e-03    4.995230236091e-03
6300    1.260000000000e+03    6.799426411945e-03    4.978005778867e-03
6310    1.262000000000e+03    6.813080179051e-03    4.996696696253e-03
6320    1.264000000000e+03    6.805629877890e-03    4.989883570488e-03
6330    1.266000000000e+03    6.801260148514e-03    4.983454650755e-03
6340    1.268000000000e+03    6.817278727381e-03    5.001222328247e-03
6350    1.270000000000e+03    6.799265850094e-03    4.985144948478e-03
6360    1.272000000000e+03    6.805423712558e-03    4.989344331989e-03
6370    1.274000000000e+03    6.827345404952e-03    5.007289423702e-03
6380    1.276000000000e+03    6.805589493898e-03    4.986485616428e-03
6390    1.278000000000e+03    6.820111176228e-03    4.997983299290e-03
6400    1.280000000000e+03    6.823587046878e-03    4.999369649340e-03
6410    1.282000000000e+03    6.811100807907e-03    4.989513686269e-03
6420    1.284000000000e+03    6.830329923114e-03    5.009234234421e-03
6430    1.286000000000e+03    6.818383295535e-03    4.997436370104e-03
6440    1.288000000000e+03    6.821294612787e-03    4.996880453291e-03
6450    1.290000000000e+03    6.845126173534e-03    5.017085533837e-03
6460    1.292000000000e+03    6.827718101669e-03    4.999366855373e-03
6470    1.294000000000e+03    6.840013963836e-03    5.011776644096e-03
6480    1.296000000000e+03    6.855120229265e-03    5.022976883083e-03
6490    1.298000000000e+03    6.833914215605e-03    5.003246546039e-03
6500    1.300000000000e+03    6.847915249584e-03    5.021765779929e-03
6510    1.302000000000e+03    6.845357272056e-03    5.015625354645e-03
6520    1.304000000000e+03    6.840918579151e-03    5.008384336179e-03
6530    1.306000000000e+03    6.862988197664e-03    5.030089161664e-03
6540    1.308000000000e+03    6.850525848001e-03    5.012383699977e-03
6550    1.310000000000e+03    6.858730833214e-03    5.017459156988e-03
6560    1.312000000000e+03    6.881569845663e-03    5.040462650868e-03
6570    1.314000000000e+03    6.859882330197e-03    5.016341634473e-03
6580    1.316000000000e+03    6.872225724684e-03    5.029284418015e-03
6590    1.318000000000e+03    6.875506554751e-03    5.034235116000e-03
6600    1.320000000000e+03    6.859007055777e-03    5.016157920181e-03
6610    1.322000000000e+03    6.880458880397e-03    5.033733857999e-03
6620    1.324000000000e+03    6.870695343295e-03    5.022115570682e-03
6630    1.326000000000e+03    6.868625252220e-03    5.017002078603e-03
6640    1.328000000000e+03    6.890956050073e-03    5.038048087954e-03
6650    1.330000000000e+03    6.871522073449e-03    5.013659737415e-03
6660    1.332000000000e+03    6.877172361860e-03    5.019596141210e-03
6670    1.334000000000e+03    6.890574146864e-03    5.038224623604e-03
6680    1.336000000000e+03    6.864546984329e-03    5.008706386434e-03
6690    1.338000000000e+03    6.880193648779e-03    5.020800849707e-03
6700    1.340000000000e+03    6.877597930260e-03    5.018704087888e-03
6710    1.342000000000e+03    6.866855759379e-03    5.006002324990e-03
6720    1.344000000000e+03    6.888736413523e-03    5.023427946981e-03
6730    1.346000000000e+03    6.870046480920e-03    5.004998301047e-03
6740    1.348000000000e+03    6.867757589950e-03    5.003844203202e-03
6750    1.350000000000e+03    6.884427125203e-03    5.021371973271e-03
6760    1.352000000000e+03    6.858797707580e-03    4.996054549338e-03
6770    1.354000000000e+03    6.867545465420e-03    5.004456741517e-03
6780    1.356000000000e+03    6.873657608075e-03    5.010233644498e-03
6790    1.358000000000e+03    6.854321588170e-03    4.990464845832e-03
6800    1.360000000000e+03    6.871626821706e-03    5.005270642869e-03
6810    1.362000000000e+03    6.862937363754e-03    4.995304111617e-03
6820    1.364000000000e+03    6.854927207965e-03    4.989172238311e-03
6830    1.366000000000e+03    6.868961870653e-03    5.007264016058e-03
6840    1.368000000000e+03    6.848321600427e-03    4.987041117602e-03
6850    1.370000000000e+03    6.851217575183e-03    4.991647516363e-03
6860    1.372000000000e+03    6.866532134701e-03    5.009452936065e-03
6870    1.374000000000e+03    6.841041425432e-03    4.984640490875e-03
6880    1.376000000000e+03    6.850019727505e-03    4.997178535632e-03
6890    1.378000000000e+03    6.848676902940e-03    4.997209595786e-03
6900    1.380000000000e+03    6.837190705087e-03    4.985747425962e-03
6910    1.382000000000e+03    6.852422124529e-03    5.004220953197e-03
6920    1.384000000000e+03    6.837431074379e-03    4.991498454729e-03
6930    1.386000000000e+03    6.833472639208e-03    4.988930631043e-03
6940    1.388000000000e+03    6.845483363023e-03    5.003919886803e-03
6950    1.390000000000e+03    6.823115412577e-03    4.984897859686e-03
6960    1.392000000000e+03    6.827604071252e-03    4.990727558834e-03
6970    1.394000000000e+03    6.832377029116e-03    4.998475686079e-03
6980    1.396000000000e+03    6.807930378020e-03    4.978687415132e-03
6990    1.398000000000e+03    6.813905844476e-03    4.990362343960e-03
7000    1.400000000000e+03    6.802889828118e-03    4.984501634681e-03
7010    1.402000000000e+03    6.794011149279e-03    4.974868294994e-03
7020    1.404000000000e+03    6.805893523831e-03    4.990060193450e-03
7030    1.406000000000e+03    6.786737385426e-03    4.974066651812e-03
7040    1.408000000000e+03    6.786182315531e-03    4.974140558261e-03
7050    1.410000000000e+03    6.798640915928e-03    4.987954389435e-03
7060    1.412000000000e+03    6.771833935790e-03    4.965703198650e-03
7070    1.414000000000e+03    6.771163017376e-03    4.976991705007e-03
7080    1.416000000000e+03    6.768773435970e-03    4.977445146324e-03
7090    1.418000000000e+03    6.751446952042e-03    4.959331727150e-03
7100    1.420000000000e+03    6.760306750055e-03    4.975961144737e-03
7110    1.422000000000e+03    6.745517260616e-03    4.962885758687e-03
7120    1.424000000000e+03    6.737361403531e-03    4.955113388860e-03
7130    1.426000000000e+03    6.746457086982e-03    4.969310996785e-03
7140    1.428000000000e+03    6.718493831047e-03    4.947146366248e-03
7150    1.430000000000e+03    6.715676342925e-03    4.948201459229e-03
7160    1.432000000000e+03    6.719904729783e-03    4.958318237186e-03
7170    1.434000000000e+03    6.689206742685e-03    4.931364796903e-03
7180    1.436000000000e+03    6.693849376159e-03    4.938388476148e-03
7190    1.438000000000e+03    6.685241118070e-03    4.933523244290e-03
7200    1.440000000000e+03    6.670337974607e-03    4.921027324599e-03
7210    1.442000000000e+03    6.682531951893e-03    4.935608005326e-03
7220    1.444000000000e+03    6.663461592856e-03    4.921268600810e-03
7230    1.446000000000e+03    6.658851927648e-03    4.920991318613e-03
7240    1.448000000000e+03    6.671170158065e-03    4.936069047289e-03
7250    1.450000000000e+03    6.649263077618e-03    4.916286180560e-03
7260    1.452000000000e+03    6.654850491904e-03    4.925140141495e-03
7270    1.454000000000e+03    6.659130594046e-03    4.930284577313e-03
7280    1.456000000000e+03    6.644521773058e-03    4.915428821732e-03
7290    1.458000000000e+03    6.658648399518e-03    4.930806914672e-03
7300    1.460000000000e+03    6.652669817387e-03    4.926610391522e-03
7310    1.462000000000e+03    6.652915723727e-03    4.924615086566e-03
7320    1.464000000000e+03    6.669306545336e-03    4.942729757204e-03
7330    1.466000000000e+03    6.651843121316e-03    4.932093380376e-03
7340    1.468000000000e+03    6.657111664335e-03    4.936647817885e-03
7350    1.470000000000e+03    6.671466592286e-03    4.952008219334e-03
7360    1.472000000000e+03    6.647925578572e-03    4.932438201649e-03
7370    1.474000000000e+03    6.658896593737e-03    4.941828419760e-03
7380    1.476000000000e+03    6.661362657541e-03    4.941054125993e-03
7390    1.478000000000e+03    6.651132614236e-03    4.930939312544e-03
7400    1.480000000000e+03    6.670390010636e-03    4.949880323693e-03
7410    1.482000000000e+03    6.661316507024e-03    4.936541710777e-03
7420    1.484000000000e+03    6.659855104236e-03    4.937380343108e-03
7430    1.486000000000e+03    6.677905746814e-03    4.956830363881e-03
7440    1.488000000000e+03    6.660308154627e-03    4.934135879012e-03
7450    1.490000000000e+03    6.669582804855e-03    4.941565326590e-03
7460    1.492000000000e+03    6.678476949660e-03    4.953591600497e-03
7470    1.494000000000e+03    6.656183886556e-03    4.931770653457e-03
7480    1.496000000000e+03    6.672076295613e-03    4.946027520418e-03
7490    1.498000000000e+03    6.669261742532e-03    4.941959587995e-03
7500    1.500000000000e+03    6.662669060689e-03    4.934666079862e-03
7510    1.502000000000e+03    6.685042874324e-03    4.953822375683e-03
7520    1.504000000000e+03    6.670468238661e-03    4.935639828545e-03
7530    1.506000000000e+03    6.673785460884e-03    4.937192386024e-03
7540    1.508000000000e+03    6.695028973797e-03    4.956220795066e-03
7550    1.510000000000e+03    6.671254277018e-03    4.930101097671e-03
7560    1.512000000000e+03    6.682581243081e-03    4.939543400724e-03
7570    1.514000000000e+03    6.688562931394e-03    4.943711015585e-03
7580    1.516000000000e+03    6.672090734376e-03    4.927032401611e-03
7590    1.518000000000e+03    6.690400703559e-03    4.944483759573e-03
7600    1.520000000000e+03    6.680481618151e-03    4.933105428790e-03
7610    1.522000000000e+03    6.678090197951e-03    4.928704383019e-03
7620    1.524000000000e+03    6.699126160303e-03    4.946698192725e-03
7630    1.526000000000e+03    6.684793113515e-03    4.925697532599e-03
7640    1.528000000000e+03    6.695186710740e-03    4.934317516927e-03
7650    1.530000000000e+03    6.712428408001e-03    4.950269557412e-03
7660    1.532000000000e+03    6.694382922454e-03    4.928974491122e-03
7670    1.534000000000e+03    6.710419702307e-03    4.945005463014e-03
7680    1.536000000000e+03    6.712256380053e-03    4.942942659909e-03
7690    1.538000000000e+03    6.707444941328e-03    4.936691801959e-03
7700    1.540000000000e+03    6.728559008676e-03    4.954785909831e-03
7710    1.542000000000e+03    6.718139786724e-03    4.940471127156e-03
7720    1.544000000000e+03    6.723332189505e-03    4.942937005580e-03
7730    1.546000000000e+03    6.743653325174e-03    4.959274754583e-03
7740    1.548000000000e+03    6.727894795099e-03    4.942046526594e-03
7750    1.550000000000e+03    6.742378952145e-03    4.951897994033e-03
7760    1.552000000000e+03    6.750483127937e-03    4.958413098393e-03
7770    1.554000000000e+03    6.736806753108e-03    4.942738185491e-03
7780    1.556000000000e+03    6.750492310739e-03    4.956911939189e-03
7790    1.558000000000e+03    6.743213598669e-03    4.947971357979e-03
7800    1.560000000000e+03    6.738465944943e-03    4.938714999298e-03
7810    1.562000000000e+03    6.754027374553e-03    4.950967039804e-03
7820    1.564000000000e+03    6.736832641568e-03    4.931247935929e-03
7830    1.566000000000e+03    6.737683260872e-03    4.934327738738e-03
7840    1.568000000000e+03    6.754772713600e-03    4.949790352839e-03
7850    1.570000000000e+03    6.732463953446e-03    4.923380239234e-03
7860    1.572000000000e+03    6.740103767930e-03    4.934657124068e-03
7870    1.574000000000e+03    6.741382468049e-03    4.934651121403e-03
7880    1.576000000000e+03    6.733074366633e-03    4.917759725686e-03
7890    1.578000000000e+03    6.751979651888e-03    4.935043386467e-03
7900    1.580000000000e+03    6.738937632915e-03    4.923716259327e-03
7910    1.582000000000e+03    6.739993112483e-03    4.920832299831e-03
7920    1.584000000000e+03    6.759469246236e-03    4.938664953443e-03
7930    1.586000000000e+03    6.738750495409e-03    4.921017742163e-03
7940    1.588000000000e+03    6.747413693064e-03    4.931519073580e-03
7950    1.590000000000e+03    6.760885070928e-03    4.942602767187e-03
7960    1.592000000000e+03    6.746632613816e-03    4.924681738885e-03
7970    1.594000000000e+03    6.768081556041e-03    4.943254811224e-03
7980    1.596000000000e+03    6.772147918474e-03    4.942113201650e-03
7990    1.598000000000e+03    6.772851987384e-03    4.939593850395e-03
8000    1.600000000000e+03    6.795466453589e-03    4.962585322573e-03
