time_step time kinetic_energy potential_energy
7950    3.975000000001e+02    8.737977213317e-03    7.260215693350e-03
7960    3.980000000001e+02    8.757000415371e-03    7.281664631591e-03
7970    3.985000000001e+02    8.749795458386e-03    7.276506929884e-03
7980    3.990000000001e+02    8.734656240957e-03    7.263187524586e-03
7990    3.995000000001e+02    8.766075019799e-03    7.297342236598e-03
8000    4.000000000001e+02    8.729101561032e-03    7.260622573995e-03
8010    4.005000000001e+02    8.756354429267e-03    7.288335227713e-03
8020    4.010000000001e+02    8.739137919281e-03    7.270202248947e-03
8030    4.015000000001e+02    8.732126032671e-03    7.262251620887e-03
8040    4.020000000001e+02    8.758037891930e-03    7.288183465789e-03
8050    4.025000000001e+02    8.725116048991e-03    7.254693405230e-03
8060    4.030000000001e+02    8.760926364341e-03    7.291936492948e-03
8070    4.035000000001e+02    8.731130732050e-03    7.262729839567e-03
8080    4.040000000001e+02    8.729943279813e-03    7.262987957802e-03
8090    4.045000000001e+02    8.746518912675e-03    7.281209585017e-03
8100    4.050000000001e+02    8.717469689535e-03    7.252500528011e-03
8110    4.055000000001e+02    8.758402481221e-03    7.294557415662e-03
8120    4.060000000001e+02    8.721730193436e-03    7.257251308147e-03
8130    4.065000000001e+02    8.729095557001e-03    7.264787878739e-03
8140    4.070000000001e+02    8.736993076280e-03    7.273086511304e-03
8150    4.075000000001e+02    8.713161432945e-03    7.249313208376e-03
8160    4.080000000001e+02    8.752661892934e-03    7.290064087101e-03
8170    4.085000000001e+02    8.713792232894e-03    7.251281269419e-03
8180    4.090000000001e+02    8.729301217179e-03    7.267711567692e-03
8190    4.095000000001e+02    8.727378125470e-03    7.266365626492e-03
8200    4.100000000001e+02    8.709435265775e-03    7.249067819430e-03
8210    4.105000000001e+02    8.744182186710e-03    7.285848982065e-03
8220    4.110000000001e+02    8.705535571253e-03    7.247629788253e-03
8230    4.115000000001e+02    8.729151183778e-03    7.272112524333e-03
8240    4.120000000001e+02    8.716988348128e-03    7.259438289111e-03
8250    4.125000000001e+02    8.706674485001e-03    7.247896704030e-03
8260    4.130000000001e+02    8.736256359941e-03    7.277513346708e-03
8270    4.135000000001e+02    8.700497492892e-03    7.241604273986e-03
8280    4.140000000001e+02    8.731662170089e-03    7.275200578988e-03
8290    4.145000000001e+02    8.706626030546e-03    7.252410939145e-03
8300    4.150000000001e+02    8.701737567921e-03    7.249612748637e-03
8310    4.155000000001e+02    8.722896112200e-03    7.272470586031e-03
8320    4.160000000001e+02    8.691889296292e-03    7.240630900014e-03
8330    4.165000000001e+02    8.733755424479e-03    7.281965018592e-03
8340    4.170000000001e+02    8.699750028545e-03    7.245070981298e-03
8350    4.175000000001e+02    8.704508277904e-03    7.247718348481e-03
8360    4.180000000001e+02    8.718418659215e-03    7.260285181474e-03
8370    4.185000000001e+02    8.692830989392e-03    7.233061652187e-03
8380    4.190000000001e+02    8.734825548572e-03    7.275771766217e-03
8390    4.195000000001e+02    8.696135939028e-03    7.237062166496e-03
8400    4.200000000001e+02    8.707321492527e-03    7.249640834743e-03
8410    4.205000000001e+02    8.710150022699e-03    7.254279201334e-03
8420    4.210000000001e+02    8.688494796590e-03    7.234066846650e-03
8430    4.215000000001e+02    8.726209251028e-03    7.274068074366e-03
8440    4.220000000001e+02    8.686924417138e-03    7.235028791001e-03
8450    4.225000000001e+02    8.706487962997e-03    7.255272971634e-03
8460    4.230000000001e+02    8.700128803378e-03    7.248428943967e-03
8470    4.235000000001e+02    8.686001526107e-03    7.233291576085e-03
8480    4.240000000001e+02    8.719389497851e-03    7.266419865118e-03
8490    4.245000000001e+02    8.682495126911e-03    7.227781658912e-03
8500    4.250000000001e+02    8.710410436793e-03    7.255644935867e-03
8510    4.255000000001e+02    8.692799444519e-03    7.237918493047e-03
8520    4.260000000001e+02    8.684759639535e-03    7.230410957163e-03
8530    4.265000000001e+02    8.710294433926e-03    7.257867357112e-03
8540    4.270000000001e+02    8.675603564664e-03    7.224132084957e-03
8550    4.275000000001e+02    8.710650580896e-03    7.261955196554e-03
8560    4.280000000001e+02    8.680278370302e-03    7.233436200295e-03
8570    4.285000000001e+02    8.678326742911e-03    7.233760871713e-03
8580    4.290000000001e+02    8.695332083764e-03    7.253029037201e-03
8590    4.295000000001e+02    8.665217708314e-03    7.223695874927e-03
8600    4.300000000001e+02    8.705906481020e-03    7.265698458468e-03
8610    4.305000000001e+02    8.669306748660e-03    7.227758922454e-03
8620    4.310000000001e+02    8.676629548883e-03    7.233752666252e-03
8630    4.315000000001e+02    8.686485742776e-03    7.241761710247e-03
8640    4.320000000001e+02    8.663299639695e-03    7.215877740236e-03
8650    4.325000000001e+02    8.704031947102e-03    7.256072061864e-03
8660    4.330000000001e+02    8.665627133813e-03    7.216805277494e-03
8670    4.335000000001e+02    8.680545285356e-03    7.232316468617e-03
8680    4.340000000001e+02    8.679966136983e-03    7.232165581627e-03
8690    4.345000000001e+02    8.662017156638e-03    7.213788941044e-03
8700    4.350000000001e+02    8.698442900284e-03    7.250816879605e-03
8710    4.355000000001e+02    8.660498349272e-03    7.212906123641e-03
8720    4.360000000001e+02    8.683118838339e-03    7.237737998366e-03
8730    4.365000000001e+02    8.671387831584e-03    7.228151831441e-03
8740    4.370000000001e+02    8.659271850700e-03    7.217419779408e-03
8750    4.375000000001e+02    8.689949672120e-03    7.248645140862e-03
8760    4.380000000001e+02    8.655827249430e-03    7.211511926471e-03
8770    4.385000000001e+02    8.689404581233e-03    7.242085889629e-03
8780    4.390000000001e+02    8.669618681662e-03    7.218006272524e-03
8790    4.395000000001e+02    8.666766856229e-03    7.211687578092e-03
8800    4.400000000001e+02    8.691120234223e-03    7.234896156660e-03
8810    4.405000000001e+02    8.659909686337e-03    7.202870291621e-03
8820    4.410000000001e+02    8.700264647148e-03    7.245033823892e-03
8830    4.415000000001e+02    8.666014483749e-03    7.212010778858e-03
8840    4.420000000001e+02    8.667794564720e-03    7.215712805191e-03
8850    4.425000000001e+02    8.682011071571e-03    7.231868721647e-03
8860    4.430000000001e+02    8.654750137394e-03    7.204906570223e-03
8870    4.435000000001e+02    8.696711378413e-03    7.247740429193e-03
8880    4.440000000001e+02    8.659597992925e-03    7.208926712337e-03
8890    4.445000000001e+02    8.670503543561e-03    7.218563545393e-03
8900    4.450000000001e+02    8.676727978040e-03    7.223139828056e-03
8910    4.455000000001e+02    8.655514024400e-03    7.199638229395e-03
8920    4.460000000001e+02    8.695248552702e-03    7.238930326821e-03
8930    4.465000000001e+02    8.657021577150e-03    7.199189482890e-03
8940    4.470000000001e+02    8.675736304366e-03    7.217744205263e-03
8950    4.475000000001e+02    8.671223269600e-03    7.212872045784e-03
8960    4.480000000001e+02    8.655406069616e-03    7.196564904007e-03
8970    4.485000000001e+02    8.689981932385e-03    7.231907718960e-03
8980    4.490000000001e+02    8.652148257344e-03    7.194309590886e-03
8990    4.495000000001e+02    8.678566267968e-03    7.223024147606e-03
9000    4.500000000001e+02    8.661822240178e-03    7.208396174974e-03
9010    4.505000000001e+02    8.651723226298e-03    7.200430113699e-03
9020    4.510000000001e+02    8.679551346336e-03    7.230104819428e-03
9030    4.515000000001e+02    8.645142922097e-03    7.194646224889e-03
9040    4.520000000001e+02    8.682638192426e-03    7.230973968035e-03
9050    4.525000000001e+02    8.656332102408e-03    7.201734474620e-03
9060    4.530000000001e+02    8.655983140250e-03    7.198621971838e-03
9070    4.535000000001e+02    8.677866496409e-03    7.218504218145e-03
9080    4.540000000001e+02    8.648478975727e-03    7.186651173470e-03
9090    4.545000000001e+02    8.691510826626e-03    7.229297943923e-03
9100    4.550000000001e+02    8.655411605879e-03    7.192922151262e-03
9110    4.555000000001e+02    8.660993740255e-03    7.200200282568e-03
9120    4.560000000001e+02    8.671249789933e-03    7.213209780275e-03
9130    4.565000000001e+02    8.644794169715e-03    7.188637231593e-03
9140    4.570000000001e+02    8.686446860520e-03    7.232512435621e-03
9150    4.575000000001e+02    8.647647327497e-03    7.192970721917e-03
9160    4.580000000001e+02    8.663533859013e-03    7.207542192191e-03
9170    4.585000000001e+02    8.666087152259e-03    7.207626459603e-03
9180    4.590000000001e+02    8.648207356160e-03    7.186148213805e-03
9190    4.595000000001e+02    8.688309829095e-03    7.224161739941e-03
9200    4.600000000001e+02    8.650570677046e-03    7.183331039414e-03
9210    4.605000000001e+02    8.675682755245e-03    7.206926011349e-03
9220    4.610000000001e+02    8.666402968355e-03    7.196454733275e-03
9230    4.615000000001e+02    8.654105510763e-03    7.183535686636e-03
9240    4.620000000001e+02    8.686963526042e-03    7.217319797746e-03
9250    4.625000000001e+02    8.649958386780e-03    7.180051445175e-03
9260    4.630000000001e+02    8.683639417786e-03    7.214502061288e-03
9270    4.635000000001e+02    8.662027053417e-03    7.192133576609e-03
9280    4.640000000001e+02    8.657822174607e-03    7.186610991994e-03
9290    4.645000000001e+02    8.684184448313e-03    7.211831620225e-03
9300    4.650000000001e+02    8.652188355357e-03    7.177020921517e-03
9310    4.655000000001e+02    8.697046081987e-03    7.220493990644e-03
9320    4.660000000001e+02    8.663029870648e-03    7.184351506112e-03
9330    4.665000000001e+02    8.666688421194e-03    7.187345045168e-03
9340    4.670000000001e+02    8.682834315414e-03    7.204322232610e-03
9350    4.675000000001e+02    8.654251248333e-03    7.176041002822e-03
9360    4.680000000001e+02    8.699369564607e-03    7.222472558169e-03
9370    4.685000000001e+02    8.659700462579e-03    7.181754061094e-03
9380    4.690000000001e+02    8.672371979277e-03    7.193285067842e-03
9390    4.695000000001e+02    8.679052966894e-03    7.198365316071e-03
9400    4.700000000001e+02    8.657515530303e-03    7.174599404607e-03
9410    4.705000000001e+02    8.700732346308e-03    7.217248814413e-03
9420    4.710000000001e+02    8.660070681117e-03    7.174726067205e-03
9430    4.715000000001e+02    8.681471610493e-03    7.195845904789e-03
9440    4.720000000001e+02    8.675744093481e-03    7.189778212705e-03
9450    4.725000000001e+02    8.659918854587e-03    7.173577058893e-03
9460    4.730000000001e+02    8.696928926065e-03    7.211148629722e-03
9470    4.735000000001e+02    8.657242655621e-03    7.170213079917e-03
9480    4.740000000001e+02    8.688281550631e-03    7.200903452031e-03
9490    4.745000000001e+02    8.670338052574e-03    7.182078097685e-03
9500    4.750000000001e+02    8.662070596592e-03    7.173786245403e-03
9510    4.755000000001e+02    8.691106045537e-03    7.204494874713e-03
9520    4.760000000001e+02    8.653595046965e-03    7.168037866904e-03
9530    4.765000000001e+02    8.693821050518e-03    7.210199925794e-03
9540    4.770000000001e+02    8.662515778501e-03    7.178306874266e-03
9550    4.775000000001e+02    8.663354526411e-03    7.177819334174e-03
9560    4.780000000001e+02    8.685063814971e-03    7.197787287623e-03
9570    4.785000000001e+02    8.654208220027e-03    7.164229619775e-03
9580    4.790000000001e+02    8.701798738616e-03    7.210799997665e-03
9590    4.795000000001e+02    8.662145796251e-03    7.168877291406e-03
9600    4.800000000001e+02    8.672143211456e-03    7.177314167166e-03
9610    4.805000000001e+02    8.683353307263e-03    7.187323239123e-03
9620    4.810000000001e+02    8.658085605345e-03    7.160837551965e-03
9630    4.815000000001e+02    8.703792732329e-03    7.207614636172e-03
9640    4.820000000001e+02    8.660357936318e-03    7.164752682002e-03
9650    4.825000000001e+02    8.678468080754e-03    7.184381674051e-03
9660    4.830000000001e+02    8.677262392465e-03    7.184153319940e-03
9670    4.835000000001e+02    8.659055480958e-03    7.165327813709e-03
9680    4.840000000001e+02    8.701212803603e-03    7.206896719254e-03
9690    4.845000000001e+02    8.660683369986e-03    7.163287400545e-03
9700    4.850000000001e+02    8.690386227206e-03    7.190639442342e-03
9710    4.855000000001e+02    8.678648424870e-03    7.176366114436e-03
9720    4.860000000001e+02    8.668911721651e-03    7.164333124820e-03
9730    4.865000000001e+02    8.703772822018e-03    7.198694833278e-03
9740    4.870000000001e+02    8.665839059889e-03    7.158970309320e-03
9750    4.875000000001e+02    8.704365036775e-03    7.196822064543e-03
9760    4.880000000001e+02    8.679505946158e-03    7.169856455221e-03
9770    4.885000000001e+02    8.677631419845e-03    7.165876235376e-03
9780    4.890000000001e+02    8.703499513122e-03    7.190767044449e-03
9790    4.895000000001e+02    8.669753478290e-03    7.155689761930e-03
9800    4.900000000001e+02    8.717032592822e-03    7.204135935353e-03
9810    4.905000000001e+02    8.677636744052e-03    7.164513292082e-03
9820    4.910000000001e+02    8.682824612393e-03    7.169893367063e-03
9830    4.915000000001e+02    8.698016944716e-03    7.184666675130e-03
9840    4.920000000001e+02    8.669808542505e-03    7.154436410929e-03
9850    4.925000000001e+02    8.717745675568e-03    7.202208653325e-03
9860    4.930000000001e+02    8.674140195416e-03    7.157503563576e-03
9870    4.935000000001e+02    8.687421924958e-03    7.171767731052e-03
9880    4.940000000001e+02    8.690421172578e-03    7.176081268881e-03
9890    4.945000000001e+02    8.667214211110e-03    7.153570787523e-03
9900    4.950000000001e+02    8.710500748059e-03    7.198115687061e-03
9910    4.955000000001e+02    8.666543666464e-03    7.153356147683e-03
9920    4.960000000001e+02    8.689349128827e-03    7.176395542956e-03
9930    4.965000000001e+02    8.681339795512e-03    7.167852339990e-03
9940    4.970000000001e+02    8.666101177655e-03    7.152106942158e-03
9950    4.975000000001e+02    8.703854542171e-03    7.189980815383e-03
9960    4.980000000001e+02    8.662890492385e-03    7.147421173613e-03
9970    4.985000000001e+02    8.695907851880e-03    7.179907708633e-03
9980    4.990000000001e+02    8.676207892210e-03    7.158794356656e-03
9990    4.995000000001e+02    8.669398374509e-03    7.150929181989e-03
10000    5.000000000001e+02    8.699224845726e-03    7.180895117017e-03
10010    5.005000000001e+02    8.662428189960e-03    7.143661830014e-03
10020    5.010000000001e+02    8.704772455409e-03    7.187131178398e-03
10030    5.015000000001e+02    8.672107194551e-03    7.154410379371e-03
10040    5.020000000001e+02    8.673820655156e-03    7.155679791140e-03
10050    5.025000000001e+02    8.694648428410e-03    7.176036192504e-03
10060    5.030000000001e+02    8.664294597482e-03    7.143742031076e-03
10070    5.035000000001e+02    8.712581765372e-03    7.191394629444e-03
10080    5.040000000001e+02    8.672955346403e-03    7.149674668653e-03
10090    5.045000000001e+02    8.683793583440e-03    7.159260048866e-03
10100    5.050000000001e+02    8.694446357466e-03    7.169177051765e-03
10110    5.055000000001e+02    8.670148777660e-03    7.143293923946e-03
10120    5.060000000001e+02    8.715748534749e-03    7.189056423158e-03
10130    5.065000000001e+02    8.673855261333e-03    7.145993513404e-03
10140    5.070000000001e+02    8.692444796152e-03    7.164265774918e-03
10150    5.075000000001e+02    8.691542780187e-03    7.162880016040e-03
10160    5.080000000001e+02    8.673513022283e-03    7.143819313569e-03
10170    5.085000000001e+02    8.713274688409e-03    7.184042567133e-03
10180    5.090000000001e+02    8.672087464982e-03    7.142234759158e-03
10190    5.095000000001e+02    8.698140633263e-03    7.169404937486e-03
10200    5.100000000001e+02    8.684540730244e-03    7.156675797887e-03
10210    5.105000000001e+02    8.672346822714e-03    7.145682753617e-03
10220    5.110000000001e+02    8.703606692294e-03    7.179379327681e-03
10230    5.115000000001e+02    8.664619105025e-03    7.141655968553e-03
10240    5.120000000001e+02    8.698332038883e-03    7.178378936260e-03
10250    5.125000000001e+02    8.672224866404e-03    7.153835194913e-03
10260    5.130000000001e+02    8.667557978463e-03    7.149975137509e-03
10270    5.135000000001e+02    8.691407066870e-03    7.173556579801e-03
10280    5.140000000001e+02    8.659077320146e-03    7.138363105696e-03
10290    5.145000000001e+02    8.704430955715e-03    7.181368188867e-03
10300    5.150000000001e+02    8.668632546695e-03    7.142036800360e-03
10310    5.155000000001e+02    8.673165779744e-03    7.144874987716e-03
10320    5.160000000001e+02    8.687323334016e-03    7.158908594647e-03
10330    5.165000000001e+02    8.658843221348e-03    7.130697092180e-03
10340    5.170000000001e+02    8.701975640189e-03    7.176178389273e-03
10350    5.175000000001e+02    8.660113853951e-03    7.135486145671e-03
10360    5.180000000001e+02    8.670823966261e-03    7.148428694563e-03
10370    5.185000000001e+02    8.673763780304e-03    7.153401700634e-03
10380    5.190000000001e+02    8.651078209371e-03    7.131629882679e-03
10390    5.195000000001e+02    8.690874892965e-03    7.172953502049e-03
10400    5.200000000001e+02    8.650629333916e-03    7.131555129490e-03
10410    5.205000000001e+02    8.671695643620e-03    7.151123419135e-03
10420    5.210000000001e+02    8.666764646290e-03    7.143395720959e-03
10430    5.215000000001e+02    8.653499603085e-03    7.126546748623e-03
10440    5.220000000001e+02    8.689685780355e-03    7.160370565543e-03
10450    5.225000000001e+02    8.653040330284e-03    7.120976712940e-03
10460    5.230000000001e+02    8.682167530837e-03    7.149712429964e-03
10470    5.235000000001e+02    8.665057688779e-03    7.132575546166e-03
10480    5.240000000001e+02    8.656899011556e-03    7.124978259526e-03
10490    5.245000000001e+02    8.683963382911e-03    7.153676311646e-03
10500    5.250000000001e+02    8.649627501551e-03    7.119645271814e-03
10510    5.255000000001e+02    8.686177898651e-03    7.157968935644e-03
10520    5.260000000001e+02    8.657258600165e-03    7.129894194804e-03
10530    5.265000000001e+02    8.655890246710e-03    7.129620901651e-03
10540    5.270000000001e+02    8.674724542554e-03    7.149774155550e-03
10550    5.275000000001e+02    8.645337339127e-03    7.120057900465e-03
10560    5.280000000001e+02    8.687269059115e-03    7.162196469835e-03
10570    5.285000000001e+02    8.651940499820e-03    7.125491689294e-03
10580    5.290000000001e+02    8.658786147035e-03    7.132199047192e-03
10590    5.295000000001e+02    8.668576372494e-03    7.142930057853e-03
10600    5.300000000001e+02    8.643422716143e-03    7.119142624106e-03
