time_step time kinetic_energy potential_energy
41900    8.124079756258e+02    9.847861240666e-03    8.444765273453e-03
41910    8.125403920091e+02    9.830086797903e-03    8.425156479461e-03
41920    8.126450347023e+02    9.818003138976e-03    8.411394432187e-03
41930    8.127582046548e+02    9.810427907309e-03    8.401932918787e-03
41940    8.129201902795e+02    9.810027467912e-03    8.398366652727e-03
41950    8.130406671799e+02    9.817394867840e-03    8.404082252127e-03
41960    8.131183233222e+02    9.825269795214e-03    8.411500495640e-03
41970    8.132945982815e+02    9.851199012320e-03    8.434417258286e-03
41980    8.134085282774e+02    9.879974063154e-03    8.462226243864e-03
41990    8.135714660791e+02    9.864019899694e-03    8.442993712379e-03
42000    8.136127592208e+02    9.853127209243e-03    8.432416777396e-03
42010    8.136854139302e+02    9.842867507185e-03    8.421469428868e-03
42020    8.138205472165e+02    9.828351596724e-03    8.404524903199e-03
42030    8.140084558148e+02    9.817393074391e-03    8.390139020776e-03
42040    8.141013407176e+02    9.814057729119e-03    8.386218834858e-03
42050    8.141825546820e+02    9.815857463526e-03    8.387892565224e-03
42060    8.142069990356e+02    9.816126969021e-03    8.389117439037e-03
42070    8.142590535992e+02    9.819149209573e-03    8.392482062845e-03
42080    8.143131824915e+02    9.824602539741e-03    8.398269149438e-03
42090    8.144286442868e+02    9.838491557190e-03    8.411577537117e-03
42100    8.144842807957e+02    9.853642088456e-03    8.427451535681e-03
42110    8.145176326718e+02    9.862484585235e-03    8.437182415946e-03
42120    8.146041388490e+02    9.880512466892e-03    8.455434693133e-03
42130    8.146884089047e+02    9.882232518530e-03    8.457264695608e-03
42140    8.147450900898e+02    9.874390481416e-03    8.449712010588e-03
42150    8.148822289080e+02    9.854497615681e-03    8.428990126959e-03
42160    8.150387482294e+02    9.832798206977e-03    8.405998415583e-03
42170    8.150576583602e+02    9.823346533463e-03    8.398238817790e-03
42180    8.151067063694e+02    9.816913420431e-03    8.392578939493e-03
42190    8.151514911962e+02    9.811573142715e-03    8.388047443987e-03
42200    8.152115526071e+02    9.807704386544e-03    8.384967435632e-03
42210    8.153401786072e+02    9.806322790401e-03    8.384432019739e-03
42220    8.155256459874e+02    9.815661851835e-03    8.395357264817e-03
42230    8.155828813909e+02    9.825165231523e-03    8.406754303905e-03
42240    8.156400601202e+02    9.833230409738e-03    8.416572777605e-03
42250    8.157514192646e+02    9.851854489407e-03    8.437451050668e-03
42260    8.158723234080e+02    9.874693859293e-03    8.462867270282e-03
42270    8.159812515780e+02    9.860677318136e-03    8.450729191281e-03
42280    8.160747244998e+02    9.845345109956e-03    8.437149836936e-03
42290    8.162518473024e+02    9.821255393160e-03    8.415302043431e-03
