time_step time kinetic_energy potential_energy
42250    8.157514192646e+02    9.854089002419e-03    8.439119776995e-03
42260    8.158791030260e+02    9.875430344680e-03    8.463837129966e-03
42270    8.159743403251e+02    9.862707915204e-03    8.452900747216e-03
42280    8.160510311409e+02    9.849115237293e-03    8.440928881100e-03
42290    8.162242067983e+02    9.825580586867e-03    8.419542094998e-03
42300    8.163770339130e+02    9.807988938563e-03    8.404204692852e-03
42310    8.165366297807e+02    9.799611239564e-03    8.398401631894e-03
42320    8.166548130055e+02    9.800282487512e-03    8.401594772295e-03
42330    8.166890239110e+02    9.801551750010e-03    8.404707858972e-03
42340    8.167527826389e+02    9.805683242851e-03    8.410768147769e-03
42350    8.168739850357e+02    9.818425459431e-03    8.425875910689e-03
42360    8.170219687822e+02    9.844531736030e-03    8.454610229819e-03
42370    8.171600268975e+02    9.855023791257e-03    8.467252608170e-03
42380    8.172846414177e+02    9.833402744612e-03    8.446909855593e-03
42390    8.173352245656e+02    9.822978659240e-03    8.437731940830e-03
42400    8.174570624618e+02    9.808042683466e-03    8.423598233094e-03
42410    8.176535235094e+02    9.793219781838e-03    8.408815683651e-03
42420    8.178354225149e+02    9.790894134642e-03    8.406462653511e-03
42430    8.179160674029e+02    9.793687147967e-03    8.410147222094e-03
42440    8.180961943014e+02    9.811665216656e-03    8.427740547631e-03
42450    8.182931808875e+02    9.849958946360e-03    8.465485017950e-03
42460    8.184921931866e+02    9.837181127377e-03    8.450951288978e-03
42470    8.186885223398e+02    9.811864368832e-03    8.423329448306e-03
42480    8.188885223398e+02    9.796524017821e-03    8.405629978370e-03
42490    8.190810028606e+02    9.795809368955e-03    8.402896754887e-03
42500    8.192773039625e+02    9.811891319278e-03    8.417093767093e-03
42510    8.194773039625e+02    9.847123408111e-03    8.450554866613e-03
42520    8.196773039625e+02    9.849654867951e-03    8.450423913018e-03
42530    8.198773039625e+02    9.823905616563e-03    8.421118572187e-03
42540    8.200092748599e+02    9.807655065903e-03    8.403231338889e-03
42550    8.201978837753e+02    9.801061560205e-03    8.393378111577e-03
42560    8.203978837753e+02    9.809004878636e-03    8.398179366850e-03
42570    8.205978837753e+02    9.834818036751e-03    8.421349448327e-03
42580    8.207659761582e+02    9.871273387738e-03    8.456476197352e-03
42590    8.209578242568e+02    9.852348653247e-03    8.434651218522e-03
42600    8.211556091329e+02    9.827431336396e-03    8.406772753915e-03
42610    8.212356182783e+02    9.814453385746e-03    8.394061332183e-03
42620    8.213551405950e+02    9.807956474427e-03    8.386720264753e-03
42630    8.214870448320e+02    9.807815730623e-03    8.385931612793e-03
42640    8.215224309464e+02    9.808039549687e-03    8.387298279558e-03
42650    8.215698285692e+02    9.809943983736e-03    8.389888477723e-03
42660    8.216739754892e+02    9.818782075473e-03    8.398535148444e-03
42670    8.217525711300e+02    9.831143329798e-03    8.411429034823e-03
42680    8.218560697674e+02    9.850399355257e-03    8.431036862021e-03
42690    8.219362869806e+02    9.869999172372e-03    8.451443607555e-03
42700    8.221082494593e+02    9.868215959761e-03    8.448987165139e-03
42710    8.222843140574e+02    9.841678686415e-03    8.421592356171e-03
42720    8.224264918595e+02    9.822997629101e-03    8.402915498664e-03
42730    8.225905797326e+02    9.811580597979e-03    8.391844606194e-03
42740    8.226620553211e+02    9.807766720294e-03    8.389310420171e-03
42750    8.227494503148e+02    9.808700584011e-03    8.391418981773e-03
42760    8.228725594428e+02    9.816408248817e-03    8.400219579016e-03
42770    8.229878755512e+02    9.832357548241e-03    8.417742590609e-03
42780    8.230815770078e+02    9.848873574639e-03    8.435782320703e-03
42790    8.232500540702e+02    9.872594404880e-03    8.460803603157e-03
42800    8.233694823658e+02    9.855201908115e-03    8.444408307696e-03
42810    8.234643113948e+02    9.839255880120e-03    8.429339594841e-03
42820    8.235899026163e+02    9.823688506606e-03    8.414264045314e-03
42830    8.236773092529e+02    9.811820784075e-03    8.403337562413e-03
42840    8.238056684984e+02    9.804131573563e-03    8.396213810556e-03
42850    8.239101534211e+02    9.801911286251e-03    8.394952362323e-03
42860    8.240223403498e+02    9.805604700827e-03    8.399553418712e-03
42870    8.241599697993e+02    9.817567385689e-03    8.412349306127e-03
42880    8.242918456943e+02    9.838928946609e-03    8.434908360869e-03
42890    8.244514729739e+02    9.867874445169e-03    8.464915087643e-03
42900    8.246119772246e+02    9.850131793630e-03    8.447279155916e-03
42910    8.248069107183e+02    9.823951993760e-03    8.420475851381e-03
42920    8.249898811196e+02    9.806766290039e-03    8.403136444031e-03
42930    8.251237575452e+02    9.801274298635e-03    8.398273430430e-03
42940    8.253088178318e+02    9.808993195845e-03    8.406492659560e-03
42950    8.254238210202e+02    9.821707164042e-03    8.420568176916e-03
42960    8.255956836849e+02    9.850744758535e-03    8.450759802145e-03
42970    8.257761176448e+02    9.856693735587e-03    8.457413806354e-03
42980    8.259760875379e+02    9.828586749568e-03    8.428897487647e-03
42990    8.261760875379e+02    9.807588277016e-03    8.407604982494e-03
43000    8.263636255085e+02    9.800319653345e-03    8.400449827604e-03
43010    8.265595097638e+02    9.809048990334e-03    8.409408284024e-03
43020    8.266904584977e+02    9.825638454469e-03    8.427021637544e-03
43030    8.268904584977e+02    9.862090645736e-03    8.463785662570e-03
43040    8.270774520300e+02    9.844385195518e-03    8.445181362731e-03
43050    8.272715531290e+02    9.818869887894e-03    8.418101222560e-03
43060    8.274710799963e+02    9.803426499318e-03    8.400939735111e-03
43070    8.276458697516e+02    9.802031477939e-03    8.398417344324e-03
43080    8.278207326637e+02    9.814993250323e-03    8.410339545662e-03
43090    8.279042548242e+02    9.827949079894e-03    8.423923228293e-03
43100    8.280872405145e+02    9.861717303882e-03    8.456504648166e-03
43110    8.281253930982e+02    9.874798103282e-03    8.471082271171e-03
43120    8.282194203779e+02    9.863553087875e-03    8.459175307507e-03
