time_step time kinetic_energy potential_energy
57050    9.963046058366e+02    9.785484704957e-03    8.351178886187e-03
57060    9.964175183080e+02    9.769540665830e-03    8.338732436641e-03
57070    9.965943657569e+02    9.759416572543e-03    8.332514867107e-03
57080    9.966769688158e+02    9.756923179732e-03    8.333165835211e-03
57090    9.967955512152e+02    9.760502502394e-03    8.340471954398e-03
57100    9.969794497656e+02    9.779799627136e-03    8.364888959477e-03
57110    9.970875359584e+02    9.802339036717e-03    8.391617927373e-03
57120    9.972659334379e+02    9.807052772587e-03    8.400730095673e-03
57130    9.974470784529e+02    9.778949409801e-03    8.375894890378e-03
57140    9.976124610586e+02    9.757470454684e-03    8.357190723473e-03
57150    9.977133831158e+02    9.745153982842e-03    8.347284855518e-03
57160    9.978119810967e+02    9.739842924804e-03    8.344018903699e-03
57170    9.979979726795e+02    9.744232367845e-03    8.350075787348e-03
57180    9.981979726795e+02    9.765825329301e-03    8.372735849662e-03
57190    9.983977085602e+02    9.802710543068e-03    8.409966830186e-03
57200    9.985886550824e+02    9.784493326088e-03    8.389906140110e-03
57210    9.987284739623e+02    9.764697839294e-03    8.368549302759e-03
57220    9.988506047822e+02    9.751425141342e-03    8.353726408131e-03
57230    9.989966653249e+02    9.744622186343e-03    8.344213070814e-03
57240    9.990438483311e+02    9.741711362756e-03    8.341733525413e-03
57250    9.991187322514e+02    9.742543473385e-03    8.341737282535e-03
57260    9.992876706609e+02    9.755030505295e-03    8.349844179975e-03
57270    9.993476174308e+02    9.766747649783e-03    8.361370549210e-03
57280    9.993778226783e+02    9.773749840143e-03    8.368994078410e-03
57290    9.994440597648e+02    9.785499888420e-03    8.379779985262e-03
57300    9.995769152191e+02    9.812952184234e-03    8.403555766563e-03
57310    9.996706167425e+02    9.820518954049e-03    8.408696301558e-03
57320    9.998299168377e+02    9.802222980598e-03    8.383900253648e-03
57330    9.999893778227e+02    9.781644551846e-03    8.356628101865e-03
57340    1.000097528477e+03    9.769825941239e-03    8.340895284164e-03
57350    1.000147038426e+03    9.763551384184e-03    8.333729326296e-03
57360    1.000166955765e+03    9.760087318665e-03    8.330657883562e-03
57370    1.000218616211e+03    9.758461667498e-03    8.327810613082e-03
57380    1.000340620559e+03    9.761610632561e-03    8.326506595040e-03
57390    1.000477017904e+03    9.771746115577e-03    8.331839339917e-03
57400    1.000578601793e+03    9.786288792327e-03    8.343587518539e-03
57410    1.000641559245e+03    9.800381465775e-03    8.356731318599e-03
57420    1.000740992990e+03    9.820508590440e-03    8.374396767067e-03
57430    1.000913698532e+03    9.836381563898e-03    8.384986588680e-03
57440    1.000951515434e+03    9.831242373938e-03    8.379823677387e-03
57450    1.001046407101e+03    9.819317807502e-03    8.365308623070e-03
57460    1.001181477375e+03    9.802410856195e-03    8.344419820787e-03
57470    1.001348703116e+03    9.788046340191e-03    8.325531995069e-03
57480    1.001494655899e+03    9.782650014756e-03    8.317133976561e-03
57490    1.001617634840e+03    9.785139105142e-03    8.318081689140e-03
57500    1.001690727591e+03    9.789610464799e-03    8.322546020281e-03
57510    1.001795660969e+03    9.801235476742e-03    8.333741509887e-03
57520    1.001902141992e+03    9.821081159350e-03    8.353745653949e-03
57530    1.001923571161e+03    9.829204071554e-03    8.363244083739e-03
57540    1.001972299835e+03    9.840272928713e-03    8.375183235330e-03
57550    1.002069130205e+03    9.858042680984e-03    8.393307330152e-03
57560    1.002191613319e+03    9.844629002853e-03    8.379371211049e-03
